frame,input.bActivateBoost,input.bHoldingBoost,input.Throttle,input.Steer,car.Location.X,car.Location.Y,car.Location.Z,car.LinearVelocity.X,car.LinearVelocity.Y,car.LinearVelocity.Z,car.Quaternion.X,car.Quaternion.Y,car.Quaternion.Z,car.Quaternion.W,car.AngularVelocity.X,car.AngularVelocity.Y,car.AngularVelocity.Z,ball.Location.X,ball.Location.Y,ball.Location.Z,ball.LinearVelocity.X,ball.LinearVelocity.Y,ball.LinearVelocity.Z,ball.Quaternion.X,ball.Quaternion.Y,ball.Quaternion.Z,ball.Quaternion.W,ball.AngularVelocity.X,ball.AngularVelocity.Y,ball.AngularVelocity.Z
0,False,False,0.000000,0.000000,-2000.000000,-4500.089844,18.779999,0.000000,0.011000,0.301000,0.001718,-0.001718,0.707101,0.707108,-0.000610,0.000000,0.000000,-2000.000000,-4480.000000,180.000000,0.000000,0.000000,0.000000,0.000003,0.000003,0.000003,1.000000,0.000000,0.000000,0.000000
1,False,False,0.000000,0.000000,-2000.000000,-4500.089844,18.779999,0.000000,0.011000,0.301000,0.001718,-0.001718,0.707101,0.707108,-0.000610,0.000000,0.000000,-2000.000000,-4480.000000,179.949997,0.000000,0.000000,-5.511000,0.000003,0.000003,0.000003,1.000000,0.000000,0.000000,0.000000
2,False,False,0.000000,0.000000,-2000.000000,-4500.089844,18.779999,0.000000,0.011000,0.301000,0.001718,-0.001718,0.707101,0.707108,-0.000610,0.000000,0.000000,-2000.000000,-4480.000000,179.860001,0.000000,0.000000,-10.921000,0.000003,0.000003,0.000003,1.000000,0.000000,0.000000,0.000000
3,False,False,0.000000,0.000000,-2000.000000,-4500.089844,18.779999,0.000000,0.011000,0.301000,0.001718,-0.001718,0.707101,0.707108,-0.000610,0.000000,0.000000,-2000.000000,-4480.000000,179.720001,0.000000,0.000000,-16.330999,0.000003,0.000003,0.000003,1.000000,0.000000,0.000000,0.000000
4,False,False,0.000000,0.000000,-2000.000000,-4500.089844,18.779999,0.000000,0.011000,0.301000,0.001718,-0.001718,0.707101,0.707108,-0.000610,0.000000,0.000000,-2000.000000,-4480.000000,179.539993,0.000000,0.000000,-21.740999,0.000003,0.000003,0.000003,1.000000,0.000000,0.000000,0.000000
5,False,False,0.000000,0.000000,-2000.000000,-4500.089844,18.779999,0.000000,0.011000,0.301000,0.001718,-0.001718,0.707101,0.707108,-0.000610,0.000000,0.000000,-2000.000000,-4480.000000,179.309998,0.000000,0.000000,-27.150999,0.000003,0.000003,0.000003,1.000000,0.000000,0.000000,0.000000
6,False,False,0.000000,0.000000,-2000.000000,-4500.089844,18.779999,0.000000,0.011000,0.301000,0.001718,-0.001718,0.707101,0.707108,-0.000610,0.000000,0.000000,-2000.000000,-4480.000000,179.039993,0.000000,0.000000,-32.560997,0.000003,0.000003,0.000003,1.000000,0.000000,0.000000,0.000000
7,False,False,0.000000,0.000000,-2000.000000,-4500.089844,18.779999,0.000000,0.011000,0.301000,0.001718,-0.001718,0.707101,0.707108,-0.000610,0.000000,0.000000,-2000.000000,-4480.000000,178.720001,0.000000,0.000000,-37.960999,0.000003,0.000003,0.000003,1.000000,0.000000,0.000000,0.000000
8,False,False,0.000000,0.000000,-2000.000000,-4500.089844,18.779999,0.000000,0.011000,0.301000,0.001718,-0.001718,0.707101,0.707108,-0.000610,0.000000,0.000000,-2000.000000,-4480.000000,178.360001,0.000000,0.000000,-43.361000,0.000003,0.000003,0.000003,1.000000,0.000000,0.000000,0.000000
9,False,False,0.000000,0.000000,-2000.000000,-4500.089844,18.779999,0.000000,0.011000,0.301000,0.001718,-0.001718,0.707101,0.707108,-0.000610,0.000000,0.000000,-2000.000000,-4480.000000,177.949997,0.000000,0.000000,-48.760998,0.000003,0.000003,0.000003,1.000000,0.000000,0.000000,0.000000
10,False,False,0.000000,0.000000,-2000.000000,-4500.089844,18.779999,0.000000,0.011000,0.301000,0.001718,-0.001718,0.707101,0.707108,-0.000610,0.000000,0.000000,-2000.000000,-4480.000000,177.500000,0.000000,0.000000,-54.160999,0.000003,0.000003,0.000003,1.000000,0.000000,0.000000,0.000000
11,False,False,0.000000,0.000000,-2000.000000,-4500.089844,18.779999,0.000000,0.011000,0.301000,0.001718,-0.001718,0.707101,0.707108,-0.000610,0.000000,0.000000,-2000.000000,-4480.000000,177.000000,0.000000,0.000000,-59.560997,0.000003,0.000003,0.000003,1.000000,0.000000,0.000000,0.000000
12,False,False,0.000000,0.000000,-2000.000000,-4500.089844,18.779999,0.000000,0.011000,0.301000,0.001718,-0.001718,0.707101,0.707108,-0.000610,0.000000,0.000000,-2000.000000,-4480.000000,176.459991,0.000000,0.000000,-64.960999,0.000003,0.000003,0.000003,1.000000,0.000000,0.000000,0.000000
13,False,False,0.000000,0.000000,-2000.000000,-4500.089844,18.779999,0.000000,0.011000,0.301000,0.001718,-0.001718,0.707101,0.707108,-0.000610,0.000000,0.000000,-2000.000000,-4480.000000,175.869995,0.000000,0.000000,-70.361000,0.000003,0.000003,0.000003,1.000000,0.000000,0.000000,0.000000
14,False,False,0.000000,0.000000,-2000.000000,-4500.089844,18.779999,0.000000,0.011000,0.301000,0.001718,-0.001718,0.707101,0.707108,-0.000610,0.000000,0.000000,-2000.000000,-4480.000000,175.239990,0.000000,0.000000,-75.750999,0.000003,0.000003,0.000003,1.000000,0.000000,0.000000,0.000000
15,False,False,0.000000,0.000000,-2000.000000,-4500.089844,18.779999,0.000000,0.011000,0.301000,0.001718,-0.001718,0.707101,0.707108,-0.000610,0.000000,0.000000,-2000.000000,-4480.000000,174.559998,0.000000,0.000000,-81.140999,0.000003,0.000003,0.000003,1.000000,0.000000,0.000000,0.000000
16,False,False,0.000000,0.000000,-2000.000000,-4500.089844,18.779999,0.000000,0.011000,0.301000,0.001718,-0.001718,0.707101,0.707108,-0.000610,0.000000,0.000000,-2000.000000,-4480.000000,173.839996,0.000000,0.000000,-86.530998,0.000003,0.000003,0.000003,1.000000,0.000000,0.000000,0.000000
17,False,False,0.000000,0.000000,-2000.000000,-4500.089844,18.779999,0.000000,0.011000,0.301000,0.001718,-0.001718,0.707101,0.707108,-0.000610,0.000000,0.000000,-2000.000000,-4480.000000,173.069992,0.000000,0.000000,-91.920998,0.000003,0.000003,0.000003,1.000000,0.000000,0.000000,0.000000
18,False,False,0.000000,0.000000,-2000.000000,-4500.089844,18.779999,0.000000,0.011000,0.301000,0.001718,-0.001718,0.707101,0.707108,-0.000610,0.000000,0.000000,-2000.000000,-4480.000000,172.259995,0.000000,0.000000,-97.310997,0.000003,0.000003,0.000003,1.000000,0.000000,0.000000,0.000000
19,False,False,0.000000,0.000000,-2000.000000,-4500.089844,18.779999,0.000000,0.011000,0.301000,0.001718,-0.001718,0.707101,0.707108,-0.000610,0.000000,0.000000,-2000.000000,-4480.000000,171.399994,0.000000,0.000000,-102.700996,0.000003,0.000003,0.000003,1.000000,0.000000,0.000000,0.000000
20,False,False,0.000000,0.000000,-2000.000000,-4500.089844,18.779999,0.000000,0.011000,0.301000,0.001718,-0.001718,0.707101,0.707108,-0.000610,0.000000,0.000000,-2000.000000,-4480.000000,170.500000,0.000000,0.000000,-108.090996,0.000003,0.000003,0.000003,1.000000,0.000000,0.000000,0.000000
21,False,False,0.000000,0.000000,-2000.000000,-4500.089844,18.779999,0.000000,0.011000,0.301000,0.001718,-0.001718,0.707101,0.707108,-0.000610,0.000000,0.000000,-2000.000000,-4480.000000,169.550003,0.000000,0.000000,-113.480995,0.000003,0.000003,0.000003,1.000000,0.000000,0.000000,0.000000
22,False,False,0.000000,0.000000,-2000.000000,-4500.089844,18.779999,0.000000,0.011000,0.301000,0.001718,-0.001718,0.707101,0.707108,-0.000610,0.000000,0.000000,-2000.000000,-4480.000000,168.559998,0.000000,0.000000,-118.861000,0.000003,0.000003,0.000003,1.000000,0.000000,0.000000,0.000000
23,False,False,0.000000,0.000000,-2000.000000,-4500.089844,18.779999,0.000000,0.011000,0.301000,0.001718,-0.001718,0.707101,0.707108,-0.000610,0.000000,0.000000,-2000.000000,-4480.000000,167.519989,0.000000,0.000000,-124.240997,0.000003,0.000003,0.000003,1.000000,0.000000,0.000000,0.000000
24,False,False,0.000000,0.000000,-2000.000000,-4500.089844,18.779999,0.000000,0.011000,0.301000,0.001718,-0.001718,0.707101,0.707108,-0.000610,0.000000,0.000000,-2000.000000,-4480.000000,166.440002,0.000000,0.000000,-129.621002,0.000003,0.000003,0.000003,1.000000,0.000000,0.000000,0.000000
25,False,False,0.000000,0.000000,-2000.000000,-4500.089844,18.779999,0.000000,0.011000,0.301000,0.001718,-0.001718,0.707101,0.707108,-0.000610,0.000000,0.000000,-2000.000000,-4480.000000,165.309998,0.000000,0.000000,-135.001007,0.000003,0.000003,0.000003,1.000000,0.000000,0.000000,0.000000
26,False,False,0.000000,0.000000,-2000.000000,-4500.089844,18.779999,0.000000,0.011000,0.301000,0.001718,-0.001718,0.707101,0.707108,-0.000610,0.000000,0.000000,-2000.000000,-4480.000000,164.139999,0.000000,0.000000,-140.380997,0.000003,0.000003,0.000003,1.000000,0.000000,0.000000,0.000000
27,False,False,0.000000,0.000000,-2000.000000,-4500.089844,18.779999,0.000000,0.011000,0.301000,0.001718,-0.001718,0.707101,0.707108,-0.000610,0.000000,0.000000,-2000.000000,-4480.000000,162.929993,0.000000,0.000000,-145.761002,0.000003,0.000003,0.000003,1.000000,0.000000,0.000000,0.000000
28,False,False,0.000000,0.000000,-2000.000000,-4500.089844,18.779999,0.000000,0.011000,0.301000,0.001718,-0.001718,0.707101,0.707108,-0.000610,0.000000,0.000000,-2000.000000,-4480.000000,161.669998,0.000000,0.000000,-151.141006,0.000003,0.000003,0.000003,1.000000,0.000000,0.000000,0.000000
29,False,False,0.000000,0.000000,-2000.000000,-4500.089844,18.779999,0.000000,0.011000,0.301000,0.001718,-0.001718,0.707101,0.707108,-0.000610,0.000000,0.000000,-2000.000000,-4480.000000,160.369995,0.000000,0.000000,-156.511002,0.000003,0.000003,0.000003,1.000000,0.000000,0.000000,0.000000
30,False,False,0.000000,0.000000,-2000.000000,-4500.089844,18.779999,0.000000,0.011000,0.301000,0.001718,-0.001718,0.707101,0.707108,-0.000610,0.000000,0.000000,-2000.000000,-4480.000000,159.019989,0.000000,0.000000,-161.880997,0.000003,0.000003,0.000003,1.000000,0.000000,0.000000,0.000000
31,False,False,0.000000,0.000000,-2000.000000,-4500.089844,18.779999,0.000000,0.011000,0.301000,0.001718,-0.001718,0.707101,0.707108,-0.000610,0.000000,0.000000,-2000.000000,-4480.000000,157.629990,0.000000,0.000000,-167.251007,0.000003,0.000003,0.000003,1.000000,0.000000,0.000000,0.000000
32,False,False,0.000000,0.000000,-2000.000000,-4500.089844,18.779999,0.000000,0.011000,0.301000,0.001718,-0.001718,0.707101,0.707108,-0.000610,0.000000,0.000000,-2000.000000,-4480.000000,156.190002,0.000000,0.000000,-172.621002,0.000003,0.000003,0.000003,1.000000,0.000000,0.000000,0.000000
33,False,False,0.000000,0.000000,-2000.000000,-4500.089844,18.779999,0.000000,0.011000,0.301000,0.001718,-0.001718,0.707101,0.707108,-0.000610,0.000000,0.000000,-2000.000000,-4480.000000,154.709991,0.000000,0.000000,-177.990997,0.000003,0.000003,0.000003,1.000000,0.000000,0.000000,0.000000
34,False,False,0.000000,0.000000,-2000.000000,-4500.089844,18.570000,0.000000,-0.591000,-24.910999,0.000704,-0.000704,0.707101,0.707112,-0.344910,0.000000,0.000000,-2000.000000,-4479.969727,154.440002,0.000000,3.611000,-32.050999,0.000499,0.000003,0.000003,1.000000,0.119110,0.000000,0.000000
35,False,False,0.000000,0.000000,-2000.000000,-4500.020020,18.410000,0.000000,8.251000,-18.740999,-0.000013,0.000013,0.707101,0.707112,-0.243810,0.000000,0.000000,-2000.000000,-4479.689941,155.059998,0.000000,34.120998,74.300995,0.000995,0.000003,0.000003,0.999999,0.119110,0.000000,0.000000
36,False,False,0.000000,0.000000,-2000.000000,-4499.989746,18.340000,0.000000,3.491000,-8.961000,-0.000035,0.000035,0.707101,0.707112,-0.006510,0.000000,0.000000,-2000.000000,-4479.409668,155.629990,0.000000,34.111000,68.861000,0.001492,0.000003,0.000003,0.999999,0.119110,0.000000,0.000000
37,False,False,0.000000,0.000000,-2000.000000,-4500.000000,18.309999,0.000000,-0.761000,-3.681000,0.000175,-0.000175,0.707101,0.707112,0.072110,0.000000,0.000000,-2000.000000,-4478.989746,156.660004,0.000000,50.800999,123.920998,0.001988,0.000003,0.000003,0.999998,0.119110,0.000000,0.000000
38,False,False,0.000000,0.000000,-2000.000000,-4500.009766,18.299999,0.000000,-1.461000,-0.601000,0.000423,-0.000423,0.707101,0.707112,0.084110,0.000000,0.000000,-2000.000000,-4478.569824,157.649994,0.000000,50.780998,118.470993,0.002484,0.000003,0.000003,0.999997,0.119110,0.000000,0.000000
39,False,False,0.000000,0.000000,-2000.000000,-4500.020020,18.309999,0.000000,-1.561000,1.441000,0.000639,-0.000639,0.707101,0.707112,0.074110,0.000000,0.000000,-2000.000000,-4478.149902,158.589996,0.000000,50.760998,113.020996,0.002981,0.000003,0.000003,0.999996,0.119110,0.000000,0.000000
40,False,False,0.000000,0.000000,-2000.000000,-4500.029785,18.330000,0.000000,-1.301000,2.941000,0.000817,-0.000817,0.707101,0.707111,0.060910,0.000000,0.000000,-2000.000000,-4477.729980,159.489990,0.000000,50.740997,107.570999,0.003477,0.000003,0.000003,0.999994,0.119110,0.000000,0.000000
41,False,False,0.000000,0.000000,-2000.000000,-4500.040039,18.359999,0.000000,-1.061000,3.931000,0.000963,-0.000963,0.707101,0.707111,0.048610,0.000000,0.000000,-2000.000000,-4477.310059,160.339996,0.000000,50.720997,102.120995,0.003973,0.000003,0.000003,0.999992,0.119110,0.000000,0.000000
42,False,False,0.000000,0.000000,-2000.000000,-4500.049805,18.400000,0.000000,-0.841000,4.471000,0.001076,-0.001076,0.707101,0.707111,0.039210,0.000000,0.000000,-2000.000000,-4476.890137,161.149994,0.000000,50.701000,96.670998,0.004470,0.000003,0.000003,0.999990,0.119110,0.000000,0.000000
43,False,False,0.000000,0.000000,-2000.000000,-4500.060059,18.440001,0.000000,-0.691000,4.661000,0.001173,-0.001173,0.707101,0.707110,0.032010,0.000000,0.000000,-2000.000000,-4476.469727,161.910004,0.000000,50.681000,91.221001,0.004966,0.000003,0.000003,0.999988,0.119110,0.000000,0.000000
44,False,False,0.000000,0.000000,-2000.000000,-4500.060059,18.480000,0.000000,-0.561000,4.621000,0.001249,-0.001249,0.707101,0.707110,0.026410,0.000000,0.000000,-2000.000000,-4476.049805,162.619995,0.000000,50.660999,85.780998,0.005462,0.000003,0.000003,0.999985,0.119110,0.000000,0.000000
45,False,False,0.000000,0.000000,-2000.000000,-4500.060059,18.520000,0.000000,-0.461000,4.431000,0.001314,-0.001314,0.707101,0.707110,0.022010,0.000000,0.000000,-2000.000000,-4475.629883,163.289993,0.000000,50.640999,80.340996,0.005959,0.000003,0.000003,0.999982,0.119110,0.000000,0.000000
46,False,False,0.000000,0.000000,-2000.000000,-4500.060059,18.549999,0.000000,-0.391000,4.131000,0.001368,-0.001368,0.707101,0.707110,0.018410,0.000000,0.000000,-2000.000000,-4475.209961,163.910004,0.000000,50.620998,74.901001,0.006455,0.000003,0.000003,0.999979,0.119110,0.000000,0.000000
47,False,False,0.000000,0.000000,-2000.000000,-4500.060059,18.580000,0.000000,-0.321000,3.811000,0.001416,-0.001416,0.707101,0.707109,0.015510,0.000000,0.000000,-2000.000000,-4474.790039,164.489990,0.000000,50.600998,69.460999,0.006951,0.000003,0.000003,0.999976,0.119110,0.000000,0.000000
48,False,False,0.000000,0.000000,-2000.000000,-4500.060059,18.609999,0.000000,-0.271000,3.471000,0.001454,-0.001454,0.707101,0.707109,0.013110,0.000000,0.000000,-2000.000000,-4474.370117,165.019989,0.000000,50.580997,64.020996,0.007448,0.000003,0.000003,0.999972,0.119110,0.000000,0.000000
49,False,False,0.000000,0.000000,-2000.000000,-4500.060059,18.639999,0.000000,-0.231000,3.121000,0.001486,-0.001486,0.707101,0.707109,0.011210,0.000000,0.000000,-2000.000000,-4473.949707,165.509995,0.000000,50.560997,58.580997,0.007944,0.000003,0.000003,0.999968,0.119110,0.000000,0.000000
50,False,False,0.000000,0.000000,-2000.000000,-4500.060059,18.660000,0.000000,-0.201000,2.761000,0.001513,-0.001513,0.707101,0.707109,0.009610,0.000000,0.000000,-2000.000000,-4473.529785,165.949997,0.000000,50.540997,53.140999,0.008440,0.000003,0.000003,0.999964,0.119110,0.000000,0.000000
51,False,False,0.000000,0.000000,-2000.000000,-4500.060059,18.680000,0.000000,-0.171000,2.441000,0.001540,-0.001540,0.707101,0.707109,0.008310,0.000000,0.000000,-2000.000000,-4473.109863,166.349991,0.000000,50.521000,47.710999,0.008936,0.000003,0.000003,0.999960,0.119110,0.000000,0.000000
52,False,False,0.000000,0.000000,-2000.000000,-4500.060059,18.699999,0.000000,-0.151000,2.141000,0.001562,-0.001562,0.707101,0.707109,0.007110,0.000000,0.000000,-2000.000000,-4472.689941,166.699997,0.000000,50.500999,42.280998,0.009433,0.000003,0.000003,0.999955,0.119110,0.000000,0.000000
53,False,False,0.000000,0.000000,-2000.000000,-4500.060059,18.719999,0.000000,-0.121000,1.861000,0.001578,-0.001578,0.707101,0.707109,0.006110,0.000000,0.000000,-2000.000000,-4472.270020,167.009995,0.000000,50.480999,36.850998,0.009929,0.000003,0.000003,0.999951,0.119110,0.000000,0.000000
54,False,False,0.000000,0.000000,-2000.000000,-4500.060059,18.730000,0.000000,-0.111000,1.591000,0.001594,-0.001594,0.707101,0.707109,0.005310,0.000000,0.000000,-2000.000000,-4471.850098,167.269989,0.000000,50.460999,31.421000,0.010425,0.000003,0.000003,0.999946,0.119110,0.000000,0.000000
55,False,False,0.000000,0.000000,-2000.000000,-4500.060059,18.740000,0.000000,-0.091000,1.361000,0.001610,-0.001610,0.707101,0.707108,0.004610,0.000000,0.000000,-2000.000000,-4471.429688,167.489990,0.000000,50.440998,25.990999,0.010922,0.000003,0.000003,0.999940,0.119110,0.000000,0.000000
56,False,False,0.000000,0.000000,-2000.000000,-4500.060059,18.750000,0.000000,-0.081000,1.171000,0.001621,-0.001621,0.707101,0.707108,0.003910,0.000000,0.000000,-2000.000000,-4471.009766,167.660004,0.000000,50.420998,20.560999,0.011418,0.000003,0.000003,0.999935,0.119110,0.000000,0.000000
57,False,False,0.000000,0.000000,-2000.000000,-4500.060059,18.760000,0.000000,-0.071000,1.001000,0.001632,-0.001632,0.707101,0.707108,0.003410,0.000000,0.000000,-2000.000000,-4470.589844,167.789993,0.000000,50.400997,15.131001,0.011914,0.000003,0.000003,0.999929,0.119110,0.000000,0.000000
58,False,False,0.000000,0.000000,-2000.000000,-4500.060059,18.770000,0.000000,-0.061000,0.851000,0.001643,-0.001643,0.707101,0.707108,0.002910,0.000000,0.000000,-2000.000000,-4470.169922,167.869995,0.000000,50.380997,9.711000,0.012411,0.000003,0.000003,0.999923,0.119110,0.000000,0.000000
59,False,False,0.000000,0.000000,-2000.000000,-4500.060059,18.779999,0.000000,-0.051000,0.701000,0.001648,-0.001648,0.707101,0.707108,0.002510,0.000000,0.000000,-2000.000000,-4469.750000,167.910004,0.000000,50.361000,4.291000,0.012907,0.000003,0.000003,0.999917,0.119110,0.000000,0.000000
60,False,False,0.000000,0.000000,-2000.000000,-4500.060059,18.779999,0.000000,-0.041000,0.561000,0.001654,-0.001654,0.707101,0.707108,0.002210,0.000000,0.000000,-2000.000000,-4469.330078,167.899994,0.000000,50.341000,-1.121000,0.013403,0.000003,0.000003,0.999910,0.119110,0.000000,0.000000
61,False,False,0.000000,0.000000,-2000.000000,-4500.060059,18.779999,0.000000,-0.041000,0.471000,0.001659,-0.001659,0.707101,0.707108,0.001910,0.000000,0.000000,-2000.000000,-4468.909668,167.849991,0.000000,50.320999,-6.531000,0.013900,0.000003,0.000003,0.999903,0.119110,0.000000,0.000000
62,False,False,0.000000,0.000000,-2000.000000,-4500.060059,18.779999,0.000000,-0.031000,0.411000,0.001664,-0.001664,0.707101,0.707108,0.001710,0.000000,0.000000,-2000.000000,-4468.489746,167.750000,0.000000,50.300999,-11.941000,0.014396,0.000003,0.000003,0.999896,0.119110,0.000000,0.000000
63,False,False,0.000000,0.000000,-2000.000000,-4500.060059,18.779999,0.000000,-0.031000,0.371000,0.001670,-0.001670,0.707101,0.707108,0.001510,0.000000,0.000000,-2000.000000,-4468.069824,167.610001,0.000000,50.280998,-17.351000,0.014892,0.000003,0.000003,0.999889,0.119110,0.000000,0.000000
64,False,False,0.000000,0.000000,-2000.000000,-4500.060059,18.779999,0.000000,-0.021000,0.341000,0.001675,-0.001675,0.707101,0.707108,0.001310,0.000000,0.000000,-2000.000000,-4467.649902,167.419998,0.000000,50.260998,-22.761000,0.015389,0.000003,0.000003,0.999882,0.119110,0.000000,0.000000
65,False,False,0.000000,0.000000,-2000.000000,-4500.060059,18.779999,0.000000,-0.021000,0.321000,0.001680,-0.001680,0.707101,0.707108,0.001110,0.000000,0.000000,-2000.000000,-4467.229980,167.190002,0.000000,50.240997,-28.171000,0.015885,0.000003,0.000003,0.999874,0.119110,0.000000,0.000000
66,False,False,0.000000,0.000000,-2000.000000,-4500.060059,18.779999,0.000000,-0.021000,0.311000,0.001686,-0.001686,0.707101,0.707108,0.000910,0.000000,0.000000,-2000.000000,-4466.810059,166.910004,0.000000,50.220997,-33.580997,0.016381,0.000003,0.000003,0.999866,0.119110,0.000000,0.000000
67,False,False,0.000000,0.000000,-2000.000000,-4500.060059,18.779999,0.000000,-0.011000,0.301000,0.001686,-0.001686,0.707101,0.707108,0.000710,0.000000,0.000000,-2000.000000,-4466.390137,166.589996,0.000000,50.201000,-38.980999,0.016878,0.000003,0.000003,0.999858,0.119110,0.000000,0.000000
68,False,False,0.000000,0.000000,-2000.000000,-4500.060059,18.779999,0.000000,-0.011000,0.301000,0.001686,-0.001686,0.707101,0.707108,0.000610,0.000000,0.000000,-2000.000000,-4465.969727,166.220001,0.000000,50.181000,-44.380997,0.017374,0.000003,0.000003,0.999849,0.119110,0.000000,0.000000
69,False,False,0.000000,0.000000,-2000.000000,-4500.060059,18.779999,0.000000,-0.011000,0.301000,0.001686,-0.001686,0.707101,0.707108,0.000510,0.000000,0.000000,-2000.000000,-4465.549805,165.809998,0.000000,50.160999,-49.780998,0.017870,0.000003,0.000003,0.999840,0.119110,0.000000,0.000000
70,False,False,0.000000,0.000000,-2000.000000,-4500.060059,18.779999,0.000000,0.000000,0.301000,0.001686,-0.001686,0.707101,0.707108,0.000410,0.000000,0.000000,-2000.000000,-4465.129883,165.349991,0.000000,50.140999,-55.181000,0.018367,0.000003,0.000003,0.999831,0.119110,0.000000,0.000000
71,False,False,0.000000,0.000000,-2000.000000,-4500.060059,18.779999,0.000000,0.000000,0.301000,0.001686,-0.001686,0.707101,0.707108,0.000410,0.000000,0.000000,-2000.000000,-4464.709961,164.849991,0.000000,50.120998,-60.580997,0.018863,0.000003,0.000003,0.999822,0.119110,0.000000,0.000000
72,False,False,0.000000,0.000000,-2000.000000,-4500.060059,18.779999,0.000000,0.000000,0.301000,0.001686,-0.001686,0.707101,0.707108,0.000410,0.000000,0.000000,-2000.000000,-4464.290039,164.300003,0.000000,50.100998,-65.980995,0.019359,0.000003,0.000003,0.999813,0.119110,0.000000,0.000000
73,False,False,0.000000,0.000000,-2000.000000,-4500.060059,18.779999,0.000000,0.000000,0.301000,0.001686,-0.001686,0.707101,0.707108,0.000410,0.000000,0.000000,-2000.000000,-4463.870117,163.709991,0.000000,50.080997,-71.380997,0.019856,0.000003,0.000003,0.999803,0.119110,0.000000,0.000000
74,False,False,0.000000,0.000000,-2000.000000,-4500.060059,18.779999,0.000000,0.000000,0.301000,0.001686,-0.001686,0.707101,0.707108,0.000410,0.000000,0.000000,-2000.000000,-4463.449707,163.069992,0.000000,50.060997,-76.770996,0.020352,0.000003,0.000003,0.999793,0.119110,0.000000,0.000000
75,False,False,0.000000,0.000000,-2000.000000,-4500.060059,18.779999,0.000000,0.000000,0.301000,0.001686,-0.001686,0.707101,0.707108,0.000410,0.000000,0.000000,-2000.000000,-4463.029785,162.389999,0.000000,50.040997,-82.160995,0.020848,0.000003,0.000003,0.999783,0.119110,0.000000,0.000000
76,False,False,0.000000,0.000000,-2000.000000,-4500.060059,18.779999,0.000000,0.000000,0.301000,0.001686,-0.001686,0.707101,0.707108,0.000410,0.000000,0.000000,-2000.000000,-4462.609863,161.660004,0.000000,50.021000,-87.550995,0.021345,0.000003,0.000003,0.999772,0.119110,0.000000,0.000000
77,False,False,0.000000,0.000000,-2000.000000,-4500.060059,18.779999,0.000000,0.000000,0.301000,0.001686,-0.001686,0.707101,0.707108,0.000410,0.000000,0.000000,-2000.000000,-4462.189941,160.889999,0.000000,50.000999,-92.940994,0.021841,0.000003,0.000003,0.999761,0.119110,0.000000,0.000000
78,False,False,0.000000,0.000000,-2000.000000,-4500.060059,18.779999,0.000000,0.000000,0.301000,0.001686,-0.001686,0.707101,0.707108,0.000410,0.000000,0.000000,-2000.000000,-4461.770020,160.069992,0.000000,49.980999,-98.330994,0.022337,0.000003,0.000003,0.999750,0.119110,0.000000,0.000000
79,False,False,0.000000,0.000000,-2000.000000,-4500.060059,18.779999,0.000000,0.000000,0.301000,0.001686,-0.001686,0.707101,0.707108,0.000410,0.000000,0.000000,-2000.000000,-4461.350098,159.209991,0.000000,49.960999,-103.721001,0.022834,0.000003,0.000003,0.999739,0.119110,0.000000,0.000000
80,False,False,0.000000,0.000000,-2000.000000,-4500.060059,18.779999,0.000000,0.000000,0.301000,0.001686,-0.001686,0.707101,0.707108,0.000410,0.000000,0.000000,-2000.000000,-4460.929688,158.300003,0.000000,49.940998,-109.111000,0.023330,0.000003,0.000003,0.999728,0.119110,0.000000,0.000000
81,False,False,0.000000,0.000000,-2000.000000,-4500.060059,18.779999,0.000000,0.000000,0.301000,0.001686,-0.001686,0.707101,0.707108,0.000410,0.000000,0.000000,-2000.000000,-4460.509766,157.349991,0.000000,49.920998,-114.490997,0.023826,0.000003,0.000003,0.999716,0.119110,0.000000,0.000000
82,False,False,0.000000,0.000000,-2000.000000,-4500.060059,18.779999,0.000000,0.000000,0.301000,0.001686,-0.001686,0.707101,0.707108,0.000410,0.000000,0.000000,-2000.000000,-4460.089844,156.349991,0.000000,49.900997,-119.870995,0.024323,0.000003,0.000003,0.999704,0.119110,0.000000,0.000000
83,False,False,0.000000,0.000000,-2000.000000,-4500.060059,18.779999,0.000000,0.000000,0.301000,0.001686,-0.001686,0.707101,0.707108,0.000410,0.000000,0.000000,-2000.000000,-4459.669922,155.309998,0.000000,49.880997,-125.250999,0.024819,0.000003,0.000003,0.999692,0.119110,0.000000,0.000000
84,False,False,0.000000,0.000000,-2000.000000,-4500.040039,18.650000,0.000000,1.791000,-15.461000,0.000197,-0.000197,0.707101,0.707112,-0.505810,0.000000,0.000000,-2000.000000,-4459.339844,155.009995,0.000000,39.030998,-36.041000,0.024128,0.000003,0.000003,0.999709,-0.165310,0.000000,0.000000
85,False,False,0.000000,0.000000,-2000.000000,-4499.939941,18.549999,0.000000,11.451000,-11.711000,-0.000844,0.000844,0.707101,0.707111,-0.354210,0.000000,0.000000,-2000.000000,-4458.659668,155.309998,0.000000,81.240997,35.510998,0.023438,0.000003,0.000003,0.999725,-0.165310,0.000000,0.000000
86,False,False,0.000000,0.000000,-2000.000000,-4499.899902,18.510000,0.000000,5.281000,-4.211000,-0.001092,0.001092,0.707101,0.707111,-0.084810,0.000000,0.000000,-2000.000000,-4457.979980,155.559998,0.000000,81.221001,30.080999,0.022747,0.000003,0.000003,0.999741,-0.165310,0.000000,0.000000
87,False,False,0.000000,0.000000,-2000.000000,-4499.890137,18.500000,0.000000,0.591000,-0.761000,-0.001022,0.001022,0.707101,0.707111,0.023710,0.000000,0.000000,-2000.000000,-4457.299805,155.769989,0.000000,81.200996,24.650999,0.022057,0.000003,0.000003,0.999757,-0.165310,0.000000,0.000000
88,False,False,0.000000,0.000000,-2000.000000,-4499.899902,18.510000,0.000000,-0.711000,0.811000,-0.000844,0.000844,0.707101,0.707111,0.060810,0.000000,0.000000,-2000.000000,-4456.620117,155.929993,0.000000,81.181000,19.220999,0.021366,0.000003,0.000003,0.999772,-0.165310,0.000000,0.000000
89,False,False,0.000000,0.000000,-2000.000000,-4499.909668,18.520000,0.000000,-1.231000,1.671000,-0.000628,0.000628,0.707101,0.707112,0.073910,0.000000,0.000000,-2000.000000,-4455.939941,156.050003,0.000000,81.160995,13.791000,0.020676,0.000003,0.000003,0.999786,-0.165310,0.000000,0.000000
90,False,False,0.000000,0.000000,-2000.000000,-4499.919922,18.539999,0.000000,-1.401000,2.231000,-0.000397,0.000397,0.707101,0.707112,0.078010,0.000000,0.000000,-2000.000000,-4455.259766,156.119995,0.000000,81.140999,8.371000,0.019985,0.000003,0.000003,0.999800,-0.165310,0.000000,0.000000
91,False,False,0.000000,0.000000,-2000.000000,-4499.929688,18.559999,0.000000,-1.451000,2.551000,-0.000170,0.000170,0.707101,0.707112,0.076510,0.000000,0.000000,-2000.000000,-4454.580078,156.139999,0.000000,81.120995,2.951000,0.019295,0.000003,0.000003,0.999814,-0.165310,0.000000,0.000000
92,False,False,0.000000,0.000000,-2000.000000,-4499.939941,18.580000,0.000000,-1.411000,2.711000,0.000040,-0.000040,0.707101,0.707112,0.071710,0.000000,0.000000,-2000.000000,-4453.899902,156.119995,0.000000,81.100998,-2.461000,0.018604,0.000003,0.000003,0.999827,-0.165310,0.000000,0.000000
93,False,False,0.000000,0.000000,-2000.000000,-4499.949707,18.600000,0.000000,-1.311000,2.741000,0.000235,-0.000235,0.707101,0.707112,0.065910,0.000000,0.000000,-2000.000000,-4453.219727,156.050003,0.000000,81.081001,-7.871000,0.017914,0.000003,0.000003,0.999840,-0.165310,0.000000,0.000000
94,False,False,0.000000,0.000000,-2000.000000,-4499.959961,18.619999,0.000000,-1.201000,2.671000,0.000413,-0.000413,0.707101,0.707112,0.059710,0.000000,0.000000,-2000.000000,-4452.540039,155.940002,0.000000,81.060997,-13.281000,0.017223,0.000003,0.000003,0.999852,-0.165310,0.000000,0.000000
95,False,False,0.000000,0.000000,-2000.000000,-4499.969727,18.639999,0.000000,-1.081000,2.541000,0.000569,-0.000569,0.707101,0.707112,0.053510,0.000000,0.000000,-2000.000000,-4451.859863,155.779999,0.000000,81.041000,-18.691000,0.016532,0.000003,0.000003,0.999863,-0.165310,0.000000,0.000000
96,False,False,0.000000,0.000000,-2000.000000,-4499.979980,18.660000,0.000000,-0.971000,2.371000,0.000709,-0.000709,0.707101,0.707112,0.047610,0.000000,0.000000,-2000.000000,-4451.179688,155.580002,0.000000,81.020996,-24.101000,0.015842,0.000003,0.000003,0.999874,-0.165310,0.000000,0.000000
97,False,False,0.000000,0.000000,-2000.000000,-4499.989746,18.680000,0.000000,-0.861000,2.181000,0.000833,-0.000833,0.707101,0.707111,0.042210,0.000000,0.000000,-2000.000000,-4450.500000,155.330002,0.000000,81.000999,-29.511000,0.015151,0.000003,0.000003,0.999885,-0.165310,0.000000,0.000000
98,False,False,0.000000,0.000000,-2000.000000,-4499.969727,18.660000,0.000000,1.901000,-2.011000,0.000294,-0.000294,0.707101,0.707112,-0.183310,0.000000,0.000000,-2000.000000,-4449.959961,155.239990,0.000000,96.780998,36.350998,0.012637,0.000003,0.000003,0.999920,-0.603010,0.000000,0.000000
99,False,False,0.000000,0.000000,-2000.000000,-4499.939941,18.650000,0.000000,3.821000,-1.301000,-0.000030,0.000030,0.707101,0.707112,-0.109910,0.000000,0.000000,-2000.000000,-4449.149902,155.500000,0.000000,96.750999,30.921000,0.010123,0.000003,0.000003,0.999949,-0.603010,0.000000,0.000000
100,False,False,0.000000,0.000000,-2000.000000,-4499.929688,18.650000,0.000000,1.581000,-0.561000,-0.000186,0.000186,0.707101,0.707112,-0.053710,0.000000,0.000000,-2000.000000,-4448.339844,155.709991,0.000000,96.721001,25.490999,0.007609,0.000003,0.000003,0.999971,-0.603010,0.000000,0.000000
101,False,False,0.000000,0.000000,-2000.000000,-4499.919922,18.650000,0.000000,0.841000,0.101000,-0.000218,0.000218,0.707101,0.707112,-0.011510,0.000000,0.000000,-2000.000000,-4447.529785,155.879990,0.000000,96.690994,20.060999,0.005095,0.000003,0.000003,0.999987,-0.603010,0.000000,0.000000
102,False,False,0.000000,0.000000,-2000.000000,-4499.919922,18.660000,0.000000,0.041000,0.681000,-0.000165,0.000165,0.707101,0.707112,0.019010,0.000000,0.000000,-2000.000000,-4446.719727,156.000000,0.000000,96.660995,14.631001,0.002581,0.000003,0.000003,0.999997,-0.603010,0.000000,0.000000
103,False,False,0.000000,0.000000,-2000.000000,-4499.919922,18.670000,0.000000,-0.451000,1.051000,-0.000057,0.000057,0.707101,0.707112,0.037310,0.000000,0.000000,-2000.000000,-4445.909668,156.080002,0.000000,96.630997,9.211000,0.000067,0.000003,0.000003,1.000000,-0.603010,0.000000,0.000000
104,False,False,0.000000,0.000000,-2000.000000,-4499.929688,18.680000,0.000000,-0.761000,1.241000,0.000084,-0.000084,0.707101,0.707112,0.047110,0.000000,0.000000,-2000.000000,-4445.100098,156.110001,0.000000,96.600998,3.791000,-0.002447,0.000003,0.000003,0.999997,-0.603010,0.000000,0.000000
105,False,False,0.000000,0.000000,-2000.000000,-4499.939941,18.690001,0.000000,-0.911000,1.311000,0.000235,-0.000235,0.707101,0.707112,0.051210,0.000000,0.000000,-2000.000000,-4444.290039,156.099991,0.000000,96.570999,-1.621000,-0.004961,0.000003,0.000003,0.999988,-0.603010,0.000000,0.000000
106,False,False,0.000000,0.000000,-2000.000000,-4499.949707,18.699999,0.000000,-0.961000,1.311000,0.000386,-0.000386,0.707101,0.707112,0.051710,0.000000,0.000000,-2000.000000,-4443.489746,156.039993,0.000000,96.541000,-7.031000,-0.007475,0.000003,0.000003,0.999972,-0.603010,0.000000,0.000000
107,False,False,0.000000,0.000000,-2000.000000,-4499.959961,18.709999,0.000000,-0.961000,1.271000,0.000531,-0.000531,0.707101,0.707112,0.049910,0.000000,0.000000,-2000.000000,-4442.689941,155.940002,0.000000,96.510994,-12.441000,-0.009989,0.000003,0.000003,0.999950,-0.603010,0.000000,0.000000
108,False,False,0.000000,0.000000,-2000.000000,-4499.969727,18.719999,0.000000,-0.921000,1.201000,0.000672,-0.000672,0.707101,0.707112,0.046810,0.000000,0.000000,-2000.000000,-4441.890137,155.789993,0.000000,96.480995,-17.851000,-0.012502,0.000003,0.000003,0.999922,-0.603010,0.000000,0.000000
109,False,False,0.000000,0.000000,-2000.000000,-4499.979980,18.730000,0.000000,-0.861000,1.121000,0.000796,-0.000796,0.707101,0.707111,0.042910,0.000000,0.000000,-2000.000000,-4441.089844,155.599991,0.000000,96.450996,-23.261000,-0.015016,0.000003,0.000003,0.999887,-0.603010,0.000000,0.000000
110,False,False,0.000000,0.000000,-2000.000000,-4499.969727,18.709999,0.000000,0.851000,-2.051000,0.000386,-0.000386,0.707101,0.707112,-0.139510,0.000000,0.000000,-2000.000000,-4440.370117,155.519989,0.000000,86.550995,-10.121000,-0.018653,0.000003,0.000003,0.999826,-0.872310,0.000000,0.000000
111,False,False,0.000000,0.000000,-2000.000000,-4499.939941,18.699999,0.000000,3.071000,-1.421000,0.000148,-0.000148,0.707101,0.707112,-0.081210,0.000000,0.000000,-2000.000000,-4439.310059,155.809998,0.000000,127.220993,35.381001,-0.022289,0.000003,0.000003,0.999752,-0.872310,0.000000,0.000000
112,False,False,0.000000,0.000000,-2000.000000,-4499.929688,18.690001,0.000000,1.101000,-0.781000,0.000040,-0.000040,0.707101,0.707112,-0.036610,0.000000,0.000000,-2000.000000,-4438.250000,156.059998,0.000000,127.181000,29.950998,-0.025925,0.000003,0.000003,0.999664,-0.872310,0.000000,0.000000
113,False,False,0.000000,0.000000,-2000.000000,-4499.919922,18.690001,0.000000,0.571000,-0.171000,0.000030,-0.000030,0.707101,0.707112,-0.003310,0.000000,0.000000,-2000.000000,-4437.189941,156.259995,0.000000,127.140999,24.520998,-0.029556,0.000003,0.000003,0.999563,-0.872310,0.000000,0.000000
114,False,False,0.000000,0.000000,-2000.000000,-4499.919922,18.690001,0.000000,-0.071000,0.341000,0.000089,-0.000089,0.707101,0.707112,0.020810,0.000000,0.000000,-2000.000000,-4436.129883,156.419998,0.000000,127.100998,19.091000,-0.033186,0.000003,0.000003,0.999449,-0.872310,0.000000,0.000000
115,False,False,0.000000,0.000000,-2000.000000,-4499.919922,18.699999,0.000000,-0.471000,0.671000,0.000192,-0.000192,0.707101,0.707112,0.035510,0.000000,0.000000,-2000.000000,-4435.069824,156.529999,0.000000,127.060997,13.661000,-0.036817,0.000003,0.000003,0.999322,-0.872310,0.000000,0.000000
116,False,False,0.000000,0.000000,-2000.000000,-4499.929688,18.709999,0.000000,-0.711000,0.841000,0.000321,-0.000321,0.707101,0.707112,0.043110,0.000000,0.000000,-2000.000000,-4434.009766,156.599991,0.000000,127.020996,8.241000,-0.040448,0.000003,0.000003,0.999182,-0.872310,0.000000,0.000000
117,False,False,0.000000,0.000000,-2000.000000,-4499.939941,18.719999,0.000000,-0.831000,0.901000,0.000456,-0.000456,0.707101,0.707112,0.046010,0.000000,0.000000,-2000.000000,-4432.949707,156.619995,0.000000,126.980995,2.821000,-0.044078,0.000003,0.000003,0.999028,-0.872310,0.000000,0.000000
118,False,False,0.000000,0.000000,-2000.000000,-4499.949707,18.730000,0.000000,-0.861000,0.901000,0.000591,-0.000591,0.707101,0.707112,0.045910,0.000000,0.000000,-2000.000000,-4431.890137,156.599991,0.000000,126.940994,-2.591000,-0.047709,0.000003,0.000003,0.998861,-0.872310,0.000000,0.000000
119,False,False,0.000000,0.000000,-2000.000000,-4499.959961,18.740000,0.000000,-0.851000,0.861000,0.000720,-0.000720,0.707101,0.707111,0.044010,0.000000,0.000000,-2000.000000,-4430.830078,156.529999,0.000000,126.900993,-8.001000,-0.051340,0.000003,0.000003,0.998681,-0.872310,0.000000,0.000000
120,False,False,0.000000,0.000000,-2000.000000,-4499.969727,18.750000,0.000000,-0.811000,0.791000,0.000839,-0.000839,0.707101,0.707111,0.041010,0.000000,0.000000,-2000.000000,-4429.770020,156.419998,0.000000,126.861000,-13.411000,-0.054970,0.000003,0.000003,0.998488,-0.872310,0.000000,0.000000
121,False,False,0.000000,0.000000,-2000.000000,-4499.979980,18.760000,0.000000,-0.751000,0.701000,0.000952,-0.000947,0.707101,0.707111,0.037510,0.000000,0.000000,-2000.000000,-4428.709961,156.259995,0.000000,126.820999,-18.820999,-0.058601,0.000003,0.000003,0.998281,-0.872310,0.000000,0.000000
122,False,False,0.000000,0.000000,-2000.000000,-4499.989746,18.770000,0.000000,-0.691000,0.601000,0.001049,-0.001049,0.707101,0.707111,0.033810,0.000000,0.000000,-2000.000000,-4427.649902,156.059998,0.000000,126.780998,-24.230999,-0.062227,0.000003,0.000003,0.998062,-0.872310,0.000000,0.000000
123,False,False,0.000000,0.000000,-2000.000000,-4499.989746,18.770000,0.000000,-0.611000,0.501000,0.001141,-0.001136,0.707101,0.707110,0.030210,0.000000,0.000000,-2000.000000,-4426.589844,155.809998,0.000000,126.740997,-29.640999,-0.065852,0.000003,0.000003,0.997829,-0.872310,0.000000,0.000000
124,False,False,0.000000,0.000000,-2000.000000,-4499.989746,18.770000,0.000000,-0.551000,0.431000,0.001222,-0.001217,0.707101,0.707110,0.026710,0.000000,0.000000,-2000.000000,-4425.529785,155.519989,0.000000,126.700996,-35.050999,-0.069477,0.000003,0.000003,0.997584,-0.872310,0.000000,0.000000
125,False,False,0.000000,0.000000,-2000.000000,-4499.979980,18.750000,0.000000,1.201000,-2.901000,0.000655,-0.000650,0.707101,0.707112,-0.192610,0.000000,0.000000,-2000.000000,-4424.560059,155.349991,0.000000,116.480995,-20.640999,-0.074349,0.000003,0.000003,0.997232,-1.171610,0.000000,0.000000
126,False,False,0.000000,0.000000,-2000.000000,-4499.939941,18.730000,0.000000,4.241000,-2.331000,0.000294,-0.000289,0.707101,0.707112,-0.122910,0.000000,0.000000,-2000.000000,-4423.080078,155.639999,0.000000,177.511002,34.280998,-0.079215,0.000003,0.000003,0.996858,-1.171610,0.000000,0.000000
127,False,False,0.900000,0.000000,-2000.000000,-4499.810059,18.719999,0.000000,16.171000,-1.671000,0.000089,-0.000084,0.707101,0.707112,-0.069010,0.000000,0.000000,-2000.000000,-4421.600098,155.879990,0.000000,177.460999,28.850998,-0.084081,0.000003,0.000003,0.996459,-1.171610,0.000000,0.000000
128,False,False,0.900000,0.000000,-2000.000000,-4499.580078,18.709999,0.000000,28.011000,-1.021000,0.000008,-0.000003,0.707101,0.707112,-0.027810,0.000000,0.000000,-2000.000000,-4420.120117,156.080002,0.000000,177.411011,23.421000,-0.088942,0.000003,0.000003,0.996037,-1.171610,0.000000,0.000000
129,False,False,0.900000,0.000000,-2000.000000,-4499.250000,18.709999,0.000000,39.760998,-0.411000,0.000019,-0.000013,0.707101,0.707112,0.002810,0.000000,0.000000,-2000.000000,-4418.640137,156.229996,0.000000,177.361008,17.990999,-0.093802,0.000003,0.000003,0.995591,-1.171610,0.000000,0.000000
130,False,False,0.900000,0.000000,-2000.000000,-4498.819824,18.709999,0.000000,51.420998,0.061000,0.000094,-0.000089,0.707101,0.707112,0.025610,0.000000,0.000000,-2000.000000,-4417.159668,156.330002,0.000000,177.311005,12.561000,-0.098663,0.000003,0.000003,0.995121,-1.171610,0.000000,0.000000
131,False,False,0.900000,0.000000,-2000.000000,-4498.290039,18.709999,0.000000,62.990997,0.371000,0.000208,-0.000202,0.707101,0.707112,0.039110,0.000000,0.000000,-2000.000000,-4415.679688,156.389999,0.000000,177.261002,7.141000,-0.103518,0.000003,0.000003,0.994628,-1.171610,0.000000,0.000000
132,False,False,0.900000,0.000000,-2000.000000,-4497.669922,18.709999,0.000000,74.471001,0.561000,0.000343,-0.000337,0.707101,0.707112,0.045810,0.000000,0.000000,-2000.000000,-4414.199707,156.399994,0.000000,177.210999,1.721000,-0.108374,0.000003,0.000003,0.994110,-1.171610,0.000000,0.000000
133,False,False,0.900000,0.000000,-2000.000000,-4496.949707,18.719999,0.000000,85.861000,0.691000,0.000483,-0.000477,0.707101,0.707112,0.048010,0.000000,0.000000,-2000.000000,-4412.719727,156.369995,0.000000,177.161011,-3.691000,-0.113224,0.000003,0.000003,0.993570,-1.171610,0.000000,0.000000
134,False,False,0.900000,0.000000,-2000.000000,-4496.140137,18.730000,0.000000,97.160995,0.741000,0.000623,-0.000618,0.707101,0.707112,0.047210,0.000000,0.000000,-2000.000000,-4411.239746,156.289993,0.000000,177.111008,-9.101000,-0.118074,0.000003,0.000003,0.993005,-1.171610,0.000000,0.000000
135,False,False,0.900000,0.000000,-2000.000000,-4495.239746,18.740000,0.000000,108.380997,0.731000,0.000753,-0.000747,0.707101,0.707111,0.044610,0.000000,0.000000,-2000.000000,-4409.759766,156.169998,0.000000,177.061005,-14.511000,-0.122918,0.000003,0.000003,0.992417,-1.171610,0.000000,0.000000
136,False,False,0.900000,0.000000,-2000.000000,-4494.239746,18.750000,0.000000,119.510994,0.691000,0.000871,-0.000866,0.707101,0.707111,0.041110,0.000000,0.000000,-2000.000000,-4408.279785,156.000000,0.000000,177.011002,-19.921000,-0.127763,0.000003,0.000003,0.991805,-1.171610,0.000000,0.000000
137,False,False,0.900000,0.000000,-2000.000000,-4493.149902,18.760000,0.000000,130.551010,0.631000,0.000979,-0.000974,0.707101,0.707111,0.037110,0.000000,0.000000,-2000.000000,-4406.810059,155.789993,0.000000,176.960999,-25.330999,-0.132602,0.000003,0.000003,0.991169,-1.171610,0.000000,0.000000
138,False,False,0.900000,0.000000,-2000.000000,-4491.969727,18.760000,0.000000,141.511002,0.551000,0.001076,-0.001071,0.707101,0.707111,0.033110,0.000000,0.000000,-2000.000000,-4405.339844,155.529999,0.000000,176.911011,-30.740999,-0.137441,0.000003,0.000003,0.990510,-1.171610,0.000000,0.000000
139,False,False,0.900000,0.000000,-2000.000000,-4490.699707,18.760000,0.000000,152.391006,0.501000,0.001163,-0.001157,0.707101,0.707110,0.029210,0.000000,0.000000,-2000.000000,-4403.870117,155.229996,0.000000,176.861008,-36.140999,-0.142275,0.000003,0.000003,0.989827,-1.171610,0.000000,0.000000
140,False,False,0.900000,0.000000,-2000.000000,-4489.339844,18.760000,0.000000,163.181000,0.481000,0.001238,-0.001233,0.707101,0.707110,0.025610,0.000000,0.000000,-2000.000000,-4402.399902,154.879990,0.000000,176.811005,-41.541000,-0.147103,0.000003,0.000003,0.989121,-1.171610,0.000000,0.000000
141,False,False,0.900000,0.000000,-2000.000000,-4487.890137,18.760000,0.000000,173.891006,0.471000,0.001303,-0.001297,0.707101,0.707110,0.022210,0.000000,0.000000,-2000.000000,-4400.929688,154.489990,0.000000,176.761002,-46.940998,-0.151932,0.000003,0.000003,0.988391,-1.171610,0.000000,0.000000
142,False,False,0.900000,0.000000,-2000.000000,-4486.350098,18.760000,0.000000,184.520996,0.471000,0.001357,-0.001351,0.707101,0.707110,0.019010,0.000000,0.000000,-2000.000000,-4399.459961,154.050003,0.000000,176.710999,-52.341000,-0.156754,0.000003,0.000003,0.987638,-1.171610,0.000000,0.000000
143,False,False,0.900000,0.000000,-2000.000000,-4484.779785,18.709999,0.000000,188.341003,-6.141000,0.001038,-0.001033,0.707101,0.707111,-0.107810,0.000000,0.000000,-2000.000000,-4397.649902,153.899994,0.000000,243.630997,4.331000,-0.157850,0.000003,0.000003,0.987463,-0.266410,0.000000,0.000000
144,False,False,0.900000,0.000000,-2000.000000,-4483.120117,18.670000,0.000000,198.861008,-4.461000,0.000828,-0.000823,0.707101,0.707111,-0.071410,0.000000,0.000000,-2000.000000,-4395.620117,153.889999,0.000000,243.561005,-1.081000,-0.158945,0.000003,0.000003,0.987287,-0.266410,0.000000,0.000000
145,False,False,0.900000,0.000000,-2000.000000,-4481.379883,18.650000,0.000000,209.291000,-2.971000,0.000704,-0.000699,0.707101,0.707112,-0.041210,0.000000,0.000000,-2000.000000,-4393.589844,153.839996,0.000000,243.490997,-6.491000,-0.160040,0.000003,0.000003,0.987111,-0.266410,0.000000,0.000000
146,False,False,0.900000,0.000000,-2000.000000,-4479.549805,18.639999,0.000000,219.641006,-1.701000,0.000655,-0.000650,0.707101,0.707112,-0.016910,0.000000,0.000000,-2000.000000,-4391.370117,153.899994,0.000000,265.830994,6.711000,-0.161135,0.000003,0.000003,0.986932,-0.266410,0.000000,0.000000
147,False,False,0.900000,0.000000,-2000.000000,-4477.629883,18.629999,0.000000,229.910995,-0.661000,0.000661,-0.000655,0.707101,0.707112,0.001810,0.000000,0.000000,-2000.000000,-4389.159668,153.910004,0.000000,265.760986,1.291000,-0.162230,0.000003,0.000003,0.986753,-0.266410,0.000000,0.000000
148,False,False,0.900000,0.000000,-2000.000000,-4475.629883,18.629999,0.000000,240.111008,0.201000,0.000709,-0.000704,0.707101,0.707112,0.015810,0.000000,0.000000,-2000.000000,-4386.750000,154.039993,0.000000,289.210999,15.291000,-0.163325,0.000003,0.000003,0.986572,-0.266410,0.000000,0.000000
149,False,False,0.900000,0.000000,-2000.000000,-4473.540039,18.639999,0.000000,250.231003,0.831000,0.000780,-0.000774,0.707101,0.707111,0.023710,0.000000,0.000000,-2000.000000,-4384.339844,154.119995,0.000000,289.131012,9.871000,-0.164421,0.000003,0.000003,0.986390,-0.266410,0.000000,0.000000
150,False,False,0.900000,0.000000,-2000.000000,-4471.370117,18.650000,0.000000,260.270996,1.231000,0.000860,-0.000855,0.707101,0.707111,0.026910,0.000000,0.000000,-2000.000000,-4381.929688,154.160004,0.000000,289.050995,4.451000,-0.165516,0.000003,0.000003,0.986207,-0.266410,0.000000,0.000000
151,False,False,0.900000,0.000000,-2000.000000,-4469.120117,18.660000,0.000000,270.230988,1.461000,0.000941,-0.000936,0.707101,0.707111,0.027610,0.000000,0.000000,-2000.000000,-4379.520020,154.149994,0.000000,288.971008,-0.961000,-0.166611,0.000003,0.000003,0.986023,-0.266410,0.000000,0.000000
152,False,False,0.900000,0.000000,-2000.000000,-4466.790039,18.670000,0.000000,280.121002,1.571000,0.001022,-0.001017,0.707101,0.707111,0.026910,0.000000,0.000000,-2000.000000,-4377.109863,154.099991,0.000000,288.890991,-6.371000,-0.167706,0.000003,0.000003,0.985837,-0.266410,0.000000,0.000000
153,False,False,0.900000,0.000000,-2000.000000,-4464.370117,18.680000,0.000000,289.931000,1.601000,0.001098,-0.001092,0.707101,0.707111,0.025310,0.000000,0.000000,-2000.000000,-4374.699707,154.000000,0.000000,288.811005,-11.781000,-0.168801,0.000003,0.000003,0.985650,-0.266410,0.000000,0.000000
154,False,False,0.900000,0.000000,-2000.000000,-4461.870117,18.690001,0.000000,299.661011,1.581000,0.001168,-0.001163,0.707101,0.707110,0.023310,0.000000,0.000000,-2000.000000,-4372.290039,153.860001,0.000000,288.730988,-17.191000,-0.169896,0.000003,0.000003,0.985462,-0.266410,0.000000,0.000000
155,False,False,0.900000,0.000000,-2000.000000,-4459.290039,18.699999,0.000000,309.321014,1.521000,0.001233,-0.001227,0.707101,0.707110,0.021110,0.000000,0.000000,-2000.000000,-4369.879883,153.669998,0.000000,288.651001,-22.601000,-0.170991,0.000003,0.000003,0.985273,-0.266410,0.000000,0.000000
156,False,False,0.900000,0.000000,-2000.000000,-4456.659668,18.680000,0.000000,315.721008,-2.341000,0.001017,-0.001012,0.707101,0.707111,-0.072410,0.000000,0.000000,-2000.000000,-4367.319824,153.629990,0.000000,307.681000,-5.261000,-0.170479,0.000003,0.000003,0.985361,0.125210,0.000000,0.000000
157,False,False,0.900000,0.000000,-2000.000000,-4453.949707,18.670000,0.000000,325.260986,-1.341000,0.000887,-0.000882,0.707101,0.707111,-0.044510,0.000000,0.000000,-2000.000000,-4364.620117,153.649994,0.000000,323.631012,2.321000,-0.169966,0.000003,0.000003,0.985450,0.125210,0.000000,0.000000
158,False,False,0.900000,0.000000,-2000.000000,-4451.159668,18.660000,0.000000,334.610992,-0.851000,0.000785,-0.000780,0.707101,0.707111,-0.035310,0.000000,0.000000,-2000.000000,-4361.919922,153.639999,0.000000,326.270996,0.611000,-0.169422,0.000003,0.000003,0.985544,0.133010,0.000000,0.000000
159,False,False,0.900000,0.000000,-2000.000000,-4448.299805,18.650000,0.000000,343.550995,-0.851000,0.000677,-0.000672,0.707101,0.707112,-0.036910,0.000000,0.000000,-2000.000000,-4359.179688,153.639999,0.000000,328.890991,-0.281000,-0.168677,0.000003,0.000003,0.985671,0.181710,0.000000,0.000000
160,False,False,0.900000,0.000000,-2000.000000,-4445.359863,18.639999,0.000000,352.290985,-1.031000,0.000548,-0.000542,0.707101,0.707112,-0.043510,0.000000,0.000000,-2000.000000,-4356.409668,153.639999,0.000000,332.281006,0.141000,-0.167674,0.000003,0.000003,0.985843,0.244610,0.000000,0.000000
161,False,False,0.900000,0.000000,-2000.000000,-4442.350098,18.639999,0.000000,361.460999,-0.401000,0.000472,-0.000467,0.707101,0.707112,-0.024910,0.000000,0.000000,-2000.000000,-4353.580078,153.660004,0.000000,340.091003,2.161000,-0.166643,0.000003,0.000003,0.986017,0.250610,0.000000,0.000000
162,False,False,0.900000,0.000000,-2000.000000,-4439.270020,18.629999,0.000000,370.080994,-0.621000,0.000380,-0.000375,0.707101,0.707112,-0.031210,0.000000,0.000000,-2000.000000,-4350.719727,153.679993,0.000000,343.411011,2.501000,-0.165359,0.000003,0.000003,0.986233,0.312710,0.000000,0.000000
163,False,False,0.900000,0.000000,-2000.000000,-4436.109863,18.629999,0.000000,379.200989,0.201000,0.000370,-0.000364,0.707101,0.707112,-0.004110,0.000000,0.000000,-2000.000000,-4347.770020,153.729996,0.000000,354.140991,5.941000,-0.164075,0.000003,0.000003,0.986448,0.312710,0.000000,0.000000
164,False,False,0.900000,0.000000,-2000.000000,-4432.879883,18.629999,0.000000,387.841003,0.071000,0.000337,-0.000332,0.707101,0.707112,-0.010710,0.000000,0.000000,-2000.000000,-4344.799805,153.769989,0.000000,356.480988,5.231000,-0.162619,0.000003,0.000003,0.986689,0.354710,0.000000,0.000000
165,False,False,0.900000,0.000000,-2000.000000,-4429.569824,18.639999,0.000000,396.820984,0.751000,0.000370,-0.000364,0.707101,0.707112,0.011710,0.000000,0.000000,-2000.000000,-4341.719727,153.860001,0.000000,369.290985,10.431000,-0.161162,0.000003,0.000003,0.986928,0.354710,0.000000,0.000000
166,False,False,0.900000,0.000000,-2000.000000,-4426.189941,18.650000,0.000000,405.480988,0.731000,0.000402,-0.000397,0.707101,0.707112,0.010710,0.000000,0.000000,-2000.000000,-4338.629883,153.919998,0.000000,370.700989,7.701000,-0.159592,0.000003,0.000003,0.987183,0.382110,0.000000,0.000000
167,False,False,0.900000,0.000000,-2000.000000,-4422.739746,18.660000,0.000000,414.320984,1.131000,0.000472,-0.000467,0.707101,0.707112,0.024510,0.000000,0.000000,-2000.000000,-4335.419922,154.039993,0.000000,385.200989,14.371000,-0.158022,0.000003,0.000003,0.987436,0.382110,0.000000,0.000000
168,False,False,0.900000,0.000000,-2000.000000,-4419.209961,18.670000,0.000000,422.971008,1.241000,0.000558,-0.000553,0.707101,0.707112,0.029710,0.000000,0.000000,-2000.000000,-4332.199707,154.119995,0.000000,401.800995,22.950998,-0.156382,0.000003,0.000003,0.987697,0.398710,0.000000,0.000000
169,False,False,0.900000,0.000000,-2000.000000,-4415.609863,18.680000,0.000000,431.681000,1.381000,0.000655,-0.000650,0.707101,0.707112,0.033610,0.000000,0.000000,-2000.000000,-4328.850098,154.269989,0.000000,401.691010,17.521000,-0.154742,0.000003,0.000003,0.987955,0.398710,0.000000,0.000000
170,False,False,0.900000,0.000000,-2000.000000,-4411.939941,18.690001,0.000000,440.320984,1.431000,0.000758,-0.000753,0.707101,0.707111,0.034510,0.000000,0.000000,-2000.000000,-4325.500000,154.369995,0.000000,401.580994,12.091001,-0.153102,0.000003,0.000003,0.988210,0.398710,0.000000,0.000000
171,False,False,0.900000,0.000000,-2000.000000,-4408.199707,18.699999,0.000000,448.901001,1.431000,0.000855,-0.000850,0.707101,0.707111,0.033610,0.000000,0.000000,-2000.000000,-4322.149902,154.429993,0.000000,401.471008,6.671000,-0.151462,0.000003,0.000003,0.988463,0.398710,0.000000,0.000000
172,False,False,0.650000,0.000000,-2000.000000,-4404.409668,18.709999,0.000000,455.100983,1.381000,0.000947,-0.000941,0.707101,0.707111,0.031710,0.000000,0.000000,-2000.000000,-4318.799805,154.440002,0.000000,401.360992,1.251000,-0.149822,0.000003,0.000003,0.988713,0.398710,0.000000,0.000000
173,False,False,0.650000,0.000000,-2000.000000,-4400.580078,18.709999,0.000000,459.931000,-0.441000,0.000893,-0.000893,0.707101,0.707111,-0.017410,0.000000,0.000000,-2000.000000,-4315.390137,154.489990,0.000000,435.830994,29.050999,-0.147470,0.000003,0.000003,0.989067,0.570510,0.000000,0.000000
174,False,False,0.650000,0.000000,-2000.000000,-4396.699707,18.709999,0.000000,466.061005,0.031000,0.000887,-0.000887,0.707101,0.707111,-0.001510,0.000000,0.000000,-2000.000000,-4311.759766,154.690002,0.000000,435.721008,23.620998,-0.145118,0.000003,0.000003,0.989414,0.570510,0.000000,0.000000
175,False,False,0.650000,0.000000,-2000.000000,-4392.759766,18.709999,0.000000,472.161011,0.411000,0.000920,-0.000920,0.707101,0.707111,0.010210,0.000000,0.000000,-2000.000000,-4308.129883,154.839996,0.000000,435.610992,18.191000,-0.142766,0.000003,0.000003,0.989757,0.570510,0.000000,0.000000
176,False,False,0.650000,0.000000,-2000.000000,-4388.770020,18.719999,0.000000,478.230988,0.661000,0.000968,-0.000968,0.707101,0.707111,0.016810,0.000000,0.000000,-2000.000000,-4304.500000,154.949997,0.000000,435.501007,12.761000,-0.140414,0.000003,0.000003,0.990093,0.570510,0.000000,0.000000
177,False,False,0.650000,0.000000,-2000.000000,-4384.729980,18.730000,0.000000,484.260986,0.791000,0.001028,-0.001028,0.707101,0.707111,0.020110,0.000000,0.000000,-2000.000000,-4300.870117,155.009995,0.000000,435.390991,7.341000,-0.138061,0.000003,0.000003,0.990424,0.570510,0.000000,0.000000
178,False,False,0.650000,0.000000,-2000.000000,-4380.640137,18.740000,0.000000,490.260986,0.831000,0.001092,-0.001092,0.707101,0.707111,0.021210,0.000000,0.000000,-2000.000000,-4297.239746,155.029999,0.000000,435.281006,1.921000,-0.135709,0.000003,0.000003,0.990749,0.570510,0.000000,0.000000
179,False,False,0.650000,0.000000,-2000.000000,-4376.500000,18.750000,0.000000,496.221008,0.821000,0.001152,-0.001152,0.707101,0.707110,0.021010,0.000000,0.000000,-2000.000000,-4293.609863,155.000000,0.000000,435.170990,-3.491000,-0.133352,0.000003,0.000003,0.991069,0.570510,0.000000,0.000000
180,False,False,0.650000,0.000000,-2000.000000,-4372.319824,18.760000,0.000000,502.151001,0.771000,0.001211,-0.001211,0.707101,0.707110,0.020010,0.000000,0.000000,-2000.000000,-4289.979980,154.929993,0.000000,435.061005,-8.901000,-0.130994,0.000003,0.000003,0.991383,0.570510,0.000000,0.000000
181,False,False,0.650000,0.000000,-2000.000000,-4368.100098,18.740000,0.000000,506.710999,-1.901000,0.001006,-0.001006,0.707101,0.707111,-0.069710,0.000000,0.000000,-2000.000000,-4286.290039,154.940002,0.000000,442.980988,1.281000,-0.127946,0.000003,0.000003,0.991781,0.737210,0.000000,0.000000
182,False,False,0.650000,0.000000,-2000.000000,-4363.830078,18.730000,0.000000,512.580994,-1.261000,0.000882,-0.000882,0.707101,0.707111,-0.041710,0.000000,0.000000,-2000.000000,-4282.330078,155.149994,0.000000,475.781006,25.130999,-0.124898,0.000003,0.000003,0.992170,0.737210,0.000000,0.000000
183,False,False,0.650000,0.000000,-2000.000000,-4359.509766,18.719999,0.000000,518.420959,-0.691000,0.000823,-0.000823,0.707101,0.707111,-0.019510,0.000000,0.000000,-2000.000000,-4278.370117,155.309998,0.000000,475.661011,19.700998,-0.121850,0.000003,0.000003,0.992549,0.737210,0.000000,0.000000
184,False,False,0.650000,0.000000,-2000.000000,-4355.140137,18.719999,0.000000,524.230957,-0.191000,0.000817,-0.000817,0.707101,0.707111,-0.002310,0.000000,0.000000,-2000.000000,-4274.409668,155.429993,0.000000,475.540985,14.271000,-0.118802,0.000003,0.000003,0.992918,0.737210,0.000000,0.000000
185,False,False,0.650000,0.000000,-2000.000000,-4350.719727,18.719999,0.000000,530.000977,0.201000,0.000850,-0.000850,0.707101,0.707111,0.010510,0.000000,0.000000,-2000.000000,-4270.449707,155.500000,0.000000,475.420990,8.851000,-0.115754,0.000003,0.000003,0.993278,0.737210,0.000000,0.000000
186,False,False,0.650000,0.000000,-2000.000000,-4346.250000,18.719999,0.000000,535.740967,0.471000,0.000904,-0.000904,0.707101,0.707111,0.018310,0.000000,0.000000,-2000.000000,-4266.489746,155.529999,0.000000,475.300995,3.431000,-0.112700,0.000003,0.000003,0.993629,0.737210,0.000000,0.000000
187,False,False,0.650000,0.000000,-2000.000000,-4341.739746,18.730000,0.000000,541.450989,0.651000,0.000968,-0.000968,0.707101,0.707111,0.022210,0.000000,0.000000,-2000.000000,-4262.529785,155.509995,0.000000,475.181000,-1.981000,-0.109647,0.000003,0.000003,0.993971,0.737210,0.000000,0.000000
188,False,False,0.650000,0.000000,-2000.000000,-4337.179688,18.740000,0.000000,547.130981,0.731000,0.001038,-0.001038,0.707101,0.707111,0.023510,0.000000,0.000000,-2000.000000,-4258.569824,155.449997,0.000000,475.061005,-7.391000,-0.106594,0.000003,0.000003,0.994303,0.737210,0.000000,0.000000
189,False,False,0.650000,0.000000,-2000.000000,-4332.569824,18.750000,0.000000,552.770935,0.751000,0.001109,-0.001109,0.707101,0.707110,0.023210,0.000000,0.000000,-2000.000000,-4254.609863,155.339996,0.000000,474.941010,-12.801000,-0.103540,0.000003,0.000003,0.994625,0.737210,0.000000,0.000000
190,False,False,0.650000,0.000000,-2000.000000,-4327.929688,18.730000,0.000000,557.330994,-2.001000,0.000866,-0.000866,0.707101,0.707111,-0.081510,0.000000,0.000000,-2000.000000,-4250.600098,155.319992,0.000000,481.140991,-1.811000,-0.099909,0.000003,0.000003,0.994997,0.876410,0.000000,0.000000
191,False,False,0.650000,0.000000,-2000.000000,-4323.239746,18.719999,0.000000,562.920959,-1.321000,0.000726,-0.000726,0.707101,0.707111,-0.048010,0.000000,0.000000,-2000.000000,-4246.279785,155.550003,0.000000,518.370972,27.970999,-0.096273,0.000003,0.000003,0.995355,0.876410,0.000000,0.000000
192,False,False,0.650000,0.000000,-2000.000000,-4318.500000,18.709999,0.000000,568.480957,-0.711000,0.000661,-0.000661,0.707101,0.707112,-0.021810,0.000000,0.000000,-2000.000000,-4241.959961,155.739990,0.000000,518.230957,22.540998,-0.092637,0.000003,0.000003,0.995700,0.876410,0.000000,0.000000
193,False,False,0.650000,0.000000,-2000.000000,-4313.719727,18.709999,0.000000,574.010986,-0.171000,0.000655,-0.000655,0.707101,0.707112,-0.001710,0.000000,0.000000,-2000.000000,-4237.640137,155.879990,0.000000,518.090942,17.110998,-0.089001,0.000003,0.000003,0.996032,0.876410,0.000000,0.000000
194,False,False,0.650000,0.000000,-2000.000000,-4308.890137,18.709999,0.000000,579.500977,0.251000,0.000693,-0.000693,0.707101,0.707112,0.013210,0.000000,0.000000,-2000.000000,-4233.319824,155.979996,0.000000,517.950989,11.681000,-0.085365,0.000003,0.000003,0.996350,0.876410,0.000000,0.000000
195,False,False,0.650000,0.000000,-2000.000000,-4304.009766,18.709999,0.000000,584.960938,0.541000,0.000758,-0.000758,0.707101,0.707111,0.022210,0.000000,0.000000,-2000.000000,-4229.000000,156.029999,0.000000,517.810974,6.261000,-0.081723,0.000003,0.000003,0.996655,0.876410,0.000000,0.000000
196,False,False,0.650000,0.000000,-2000.000000,-4299.089844,18.719999,0.000000,590.390991,0.731000,0.000839,-0.000839,0.707101,0.707111,0.026710,0.000000,0.000000,-2000.000000,-4224.689941,156.039993,0.000000,517.670959,0.841000,-0.078082,0.000003,0.000003,0.996947,0.876410,0.000000,0.000000
197,False,False,0.650000,0.000000,-2000.000000,-4294.120117,18.730000,0.000000,595.790955,0.821000,0.000920,-0.000920,0.707101,0.707111,0.028110,0.000000,0.000000,-2000.000000,-4220.379883,156.000000,0.000000,517.530945,-4.571000,-0.074440,0.000003,0.000003,0.997225,0.876410,0.000000,0.000000
198,False,False,0.650000,0.000000,-2000.000000,-4289.109863,18.740000,0.000000,601.160950,0.841000,0.001001,-0.001001,0.707101,0.707111,0.027710,0.000000,0.000000,-2000.000000,-4216.069824,155.919998,0.000000,517.390991,-9.981000,-0.070799,0.000003,0.000003,0.997491,0.876410,0.000000,0.000000
199,False,False,0.650000,0.000000,-2000.000000,-4284.060059,18.750000,0.000000,606.500977,0.821000,0.001076,-0.001076,0.707101,0.707111,0.026310,0.000000,0.000000,-2000.000000,-4211.759766,155.789993,0.000000,517.250977,-15.391000,-0.067157,0.000003,0.000003,0.997742,0.876410,0.000000,0.000000
200,False,False,0.650000,0.000000,-2000.000000,-4278.959961,18.760000,0.000000,611.810974,0.761000,0.001146,-0.001146,0.707101,0.707110,0.024410,0.000000,0.000000,-2000.000000,-4207.449707,155.619995,0.000000,517.110962,-20.800999,-0.063516,0.000003,0.000003,0.997981,0.876410,0.000000,0.000000
201,False,False,0.650000,0.000000,-2000.000000,-4273.830078,18.740000,0.000000,615.980957,-2.311000,0.000871,-0.000871,0.707101,0.707111,-0.092510,0.000000,0.000000,-2000.000000,-4203.089844,155.550003,0.000000,523.660950,-8.201000,-0.059124,0.000003,0.000003,0.998251,1.056110,0.000000,0.000000
202,False,False,0.300000,0.200000,-2000.019897,-4268.679688,18.730000,-2.391000,618.250977,-1.621000,0.000704,-0.000704,0.707306,0.706907,-0.056110,-0.000110,0.068610,-2000.000000,-4198.359863,155.809998,0.000000,567.490967,31.660999,-0.054733,0.000003,0.000003,0.998501,1.056110,0.000000,0.000000
203,False,False,0.300000,0.200000,-2000.059937,-4263.509766,18.719999,-4.371000,620.540955,-0.991000,0.000623,-0.000623,0.707672,0.706540,-0.027510,-0.000110,0.124210,-2000.000000,-4193.629883,156.029999,0.000000,567.340942,26.230999,-0.050336,0.000003,0.000003,0.998732,1.056110,0.000000,0.000000
204,False,False,0.300000,0.200000,-2000.109985,-4258.319824,18.719999,-6.151000,622.840942,-0.431000,0.000607,-0.000607,0.708178,0.706033,-0.005510,-0.000110,0.171610,-2000.000000,-4188.899902,156.199997,0.000000,567.190979,20.800999,-0.045940,0.000003,0.000003,0.998944,1.056110,0.000000,0.000000
205,False,False,0.300000,0.200000,-2000.169922,-4253.109863,18.719999,-7.801000,625.140991,0.011000,0.000639,-0.000639,0.708802,0.705407,0.011110,0.000000,0.211910,-2000.000000,-4184.169922,156.330002,0.000000,567.040955,15.371000,-0.041543,0.000003,0.000003,0.999137,1.056110,0.000000,0.000000
206,False,False,0.300000,0.200000,-2000.250000,-4247.879883,18.719999,-9.371000,627.440979,0.331000,0.000704,-0.000704,0.709525,0.704679,0.022010,0.000000,0.246110,-2000.000000,-4179.449707,156.410004,0.000000,566.890991,9.951000,-0.037146,0.000003,0.000003,0.999310,1.056110,0.000000,0.000000
207,False,False,0.300000,0.200000,-2000.339966,-4242.629883,18.719999,-10.901000,629.740967,0.541000,0.000785,-0.000785,0.710333,0.703865,0.027710,0.000000,0.275110,-2000.000000,-4174.729980,156.449997,0.000000,566.740967,4.531000,-0.032749,0.000003,0.000003,0.999464,1.056110,0.000000,0.000000
208,False,False,0.300000,0.200000,-2000.439941,-4237.359863,18.730000,-12.421000,632.040955,0.681000,0.000877,-0.000871,0.711214,0.702974,0.029910,0.000000,0.299810,-2000.000000,-4170.009766,156.440002,0.000000,566.590942,-0.881000,-0.028352,0.000003,0.000003,0.999598,1.056110,0.000000,0.000000
209,False,False,0.300000,0.200000,-2000.559937,-4232.069824,18.740000,-13.961000,634.330933,0.731000,0.000968,-0.000958,0.712151,0.702025,0.029910,0.000000,0.320710,-2000.000000,-4165.290039,156.389999,0.000000,566.440979,-6.291000,-0.023956,0.000003,0.000003,0.999713,1.056110,0.000000,0.000000
210,False,False,0.300000,0.200000,-2000.689941,-4226.759766,18.750000,-15.531000,636.610962,0.731000,0.001055,-0.001038,0.713139,0.701021,0.028510,0.000000,0.338510,-2000.000000,-4160.569824,156.289993,0.000000,566.290955,-11.701000,-0.019559,0.000003,0.000003,0.999809,1.056110,0.000000,0.000000
211,False,False,0.300000,0.200000,-2000.829956,-4221.439941,18.760000,-17.150999,638.880981,0.691000,0.001136,-0.001114,0.714171,0.699969,0.026410,0.000000,0.353710,-2000.000000,-4155.850098,156.149994,0.000000,566.140991,-17.110998,-0.015157,0.000003,0.000003,0.999885,1.056110,0.000000,0.000000
212,False,False,0.300000,0.200000,-2000.989990,-4216.100098,18.770000,-18.820999,641.140991,0.621000,0.001206,-0.001184,0.715237,0.698880,0.024010,0.000000,0.366710,-2000.000000,-4151.129883,155.959991,0.000000,565.990967,-22.520998,-0.010755,0.000003,0.000003,0.999942,1.056110,0.000000,0.000000
213,False,False,0.300000,0.200000,-2001.159912,-4210.739746,18.770000,-20.540998,643.390991,0.541000,0.001270,-0.001249,0.716337,0.697752,0.021610,0.000110,0.377810,-2000.000000,-4146.409668,155.729996,0.000000,565.840942,-27.931000,-0.006352,0.000003,0.000003,0.999980,1.056110,0.000000,0.000000
214,False,False,0.300000,0.200000,-2001.329956,-4205.350098,18.750000,-20.650999,646.240967,-2.861000,0.001179,-0.000450,0.717288,0.696776,-0.152810,0.117810,0.327210,-2000.079956,-4141.729980,155.619995,-10.081000,562.060974,-13.211000,-0.002360,0.001157,0.000013,0.999997,0.958610,0.276410,0.000910
215,False,False,0.300000,0.200000,-2001.519897,-4199.949707,18.730000,-22.480999,648.460938,-2.251000,0.001125,0.000062,0.718288,0.695745,-0.096410,0.076010,0.344310,-2000.149902,-4136.739746,155.809998,-8.551001,598.280945,23.020998,0.001632,0.002306,0.000024,0.999996,0.958610,0.276410,0.000910
216,False,False,0.300000,0.200000,-2001.719971,-4194.529785,18.719999,-24.431000,650.660950,-1.591000,0.001109,0.000353,0.719326,0.694672,-0.052610,0.045510,0.359110,-2000.219971,-4131.759766,155.959991,-8.541000,598.120972,17.591000,0.005624,0.003455,0.000035,0.999978,0.958610,0.276410,0.000910
217,False,False,0.300000,0.200000,-2001.939941,-4189.089844,18.709999,-26.470999,652.850952,-0.961000,0.001125,0.000483,0.720403,0.693555,-0.019210,0.023410,0.371910,-2000.289917,-4126.779785,156.059998,-8.531000,597.960938,12.161000,0.009616,0.004604,0.000046,0.999943,0.958610,0.276410,0.000910
218,False,False,0.300000,0.200000,-2002.179932,-4183.629883,18.709999,-28.580999,655.030945,-0.371000,0.001163,0.000488,0.721507,0.692406,0.005410,0.007610,0.382910,-2000.359985,-4121.799805,156.119995,-8.521000,597.800964,6.741000,0.013608,0.005754,0.000057,0.999891,0.958610,0.276410,0.000910
219,False,False,0.300000,0.200000,-2002.439941,-4178.149902,18.709999,-30.740999,657.190979,0.101000,0.001217,0.000407,0.722639,0.691224,0.023110,-0.004110,0.392410,-2000.429932,-4116.819824,156.129990,-8.511001,597.640991,1.321000,0.017601,0.006903,0.000067,0.999821,0.958610,0.276410,0.000910
220,False,False,0.300000,0.200000,-2002.709961,-4172.659668,18.709999,-32.951000,659.340942,0.411000,0.001276,0.000272,0.723793,0.690016,0.033210,-0.012510,0.400610,-2000.500000,-4111.839844,156.099991,-8.501000,597.480957,-4.091000,0.021593,0.008052,0.000078,0.999734,0.958610,0.276410,0.000910
221,False,False,0.300000,0.200000,-2003.000000,-4167.149902,18.719999,-35.201000,661.470947,0.611000,0.001330,0.000111,0.724963,0.688786,0.038010,-0.018010,0.407610,-2000.569946,-4106.859863,156.019989,-8.491000,597.320984,-9.501000,0.025585,0.009201,0.000089,0.999630,0.958610,0.276410,0.000910
222,False,False,0.300000,0.200000,-2003.309937,-4161.620117,18.730000,-37.480999,663.590942,0.711000,0.001378,-0.000067,0.726150,0.687534,0.039310,-0.021310,0.413610,-2000.640015,-4101.879883,155.899994,-8.481000,597.160950,-14.911000,0.029577,0.010350,0.000100,0.999509,0.958610,0.276410,0.000910
223,False,False,0.300000,0.200000,-2003.640015,-4156.069824,18.740000,-39.800999,665.700989,0.731000,0.001422,-0.000245,0.727349,0.686267,0.038510,-0.022610,0.418810,-2000.709961,-4096.899902,155.729996,-8.471001,597.000977,-20.320999,0.033569,0.011499,0.000111,0.999370,0.958610,0.276410,0.000910
224,False,False,0.300000,0.200000,-2003.989990,-4150.500000,18.750000,-42.140999,667.790955,0.711000,0.001459,-0.000418,0.728558,0.684983,0.036410,-0.022510,0.423310,-2000.779907,-4091.929932,155.519989,-8.461000,596.840942,-25.730999,0.037561,0.012648,0.000121,0.999214,0.958610,0.276410,0.000910
225,False,False,0.300000,0.200000,-2004.349976,-4144.909668,18.730000,-43.220997,670.380981,-2.741000,0.001362,0.000213,0.729657,0.683812,-0.125910,0.085910,0.385910,-2000.909912,-4086.979980,155.429993,-16.181000,593.620972,-10.701000,0.041208,0.014682,0.000100,0.999043,0.875910,0.488910,0.001510
226,False,False,0.300000,0.200000,-2004.729980,-4139.310059,18.709999,-45.560997,672.440979,-2.001000,0.001303,0.000585,0.730783,0.682609,-0.074110,0.050010,0.395310,-2001.010010,-4081.760010,155.649994,-12.251000,626.970947,25.841000,0.044855,0.016716,0.000078,0.998854,0.875910,0.488910,0.001510
227,False,False,0.300000,0.200000,-2005.130005,-4133.689941,18.699999,-47.990997,674.480957,-1.261000,0.001276,0.000763,0.731929,0.681379,-0.034310,0.024110,0.403510,-2001.109985,-4076.539795,155.819992,-12.241000,626.810974,20.410999,0.048502,0.018750,0.000057,0.998647,0.875910,0.488910,0.001510
228,False,False,0.300000,0.200000,-2005.549927,-4128.049805,18.699999,-50.490997,676.500977,-0.581000,0.001281,0.000796,0.733092,0.680127,-0.004410,0.005710,0.410710,-2001.209961,-4071.319824,155.940002,-12.231000,626.650940,14.981000,0.052149,0.020784,0.000035,0.998423,0.875910,0.488910,0.001510
229,False,False,0.300000,0.200000,-2005.989990,-4122.399902,18.699999,-53.040997,678.500977,-0.011000,0.001308,0.000726,0.734272,0.678854,0.017410,-0.007410,0.416910,-2001.309937,-4066.099854,156.019989,-12.221000,626.490967,9.561000,0.055791,0.022817,0.000013,0.998182,0.875910,0.488910,0.001510
230,False,False,0.300000,0.200000,-2006.449951,-4116.729980,18.699999,-55.630997,680.490967,0.391000,0.001346,0.000585,0.735467,0.677559,0.031510,-0.016810,0.422310,-2001.409912,-4060.879883,156.050003,-12.211000,626.330933,4.141000,0.059432,0.024851,-0.000008,0.997923,0.875910,0.488910,0.001510
231,False,False,0.300000,0.200000,-2006.939941,-4111.040039,18.709999,-58.240997,682.460938,0.651000,0.001384,0.000402,0.736672,0.676248,0.038910,-0.022910,0.426910,-2001.510010,-4055.659912,156.039993,-12.201000,626.170959,-1.271000,0.063074,0.026885,-0.000030,0.997647,0.875910,0.488910,0.001510
232,False,False,0.300000,0.200000,-2007.449951,-4105.339844,18.719999,-60.870998,684.420959,0.781000,0.001422,0.000202,0.737883,0.674927,0.041810,-0.026110,0.430910,-2001.609985,-4050.439941,155.979996,-12.191000,626.010986,-6.681000,0.066715,0.028919,-0.000051,0.997353,0.875910,0.488910,0.001510
233,False,False,0.300000,0.200000,-2007.979980,-4099.620117,18.730000,-63.510998,686.360962,0.821000,0.001454,-0.000003,0.739105,0.673589,0.042010,-0.027110,0.434310,-2001.709961,-4045.219971,155.879990,-12.181000,625.850952,-12.091001,0.070356,0.030953,-0.000073,0.997042,0.875910,0.488910,0.001510
234,False,False,0.300000,0.200000,-2008.529907,-4093.879883,18.740000,-66.160995,688.290955,0.801000,0.001486,-0.000197,0.740332,0.672240,0.040410,-0.026610,0.437310,-2001.809937,-4040.010010,155.729996,-12.171000,625.690979,-17.500999,0.073993,0.032987,-0.000094,0.996713,0.875910,0.488910,0.001510
235,False,False,0.300000,0.200000,-2009.099976,-4088.129883,18.750000,-68.831001,690.200989,0.751000,0.001513,-0.000380,0.741564,0.670881,0.037810,-0.025210,0.439810,-2001.909912,-4034.799805,155.539993,-12.161000,625.530945,-22.910999,0.077629,0.035015,-0.000116,0.996367,0.875910,0.488910,0.001510
236,False,False,0.300000,0.200000,-2009.679932,-4082.359863,18.730000,-70.120995,692.510986,-2.501000,0.001562,0.000256,0.742689,0.669634,-0.105010,0.111010,0.402510,-2002.079956,-4029.609863,155.459991,-20.450998,622.890991,-9.221001,0.080990,0.037993,-0.000218,0.995991,0.809210,0.717210,0.002210
237,False,False,0.300000,0.200000,-2010.289917,-4076.569824,18.709999,-72.700996,694.400940,-1.821000,0.001605,0.000634,0.743830,0.668367,-0.059110,0.068210,0.410210,-2002.179932,-4024.139893,155.720001,-11.731000,656.590942,31.560999,0.084345,0.040971,-0.000321,0.995594,0.809210,0.717210,0.002210
238,False,False,0.300000,0.200000,-2010.919922,-4070.770020,18.699999,-75.401001,696.260986,-1.121000,0.001648,0.000812,0.744991,0.667072,-0.024410,0.036310,0.416910,-2002.279907,-4018.669922,155.940002,-11.721000,656.420959,26.130999,0.087701,0.043949,-0.000423,0.995177,0.809210,0.717210,0.002210
239,False,False,0.300000,0.200000,-2011.569946,-4064.949951,18.699999,-78.181000,698.100952,-0.471000,0.001691,0.000850,0.746163,0.665761,0.001010,0.012910,0.422810,-2002.380005,-4013.199951,156.110001,-11.711000,656.250977,20.700998,0.091056,0.046927,-0.000526,0.994739,0.809210,0.717210,0.002210
240,False,False,0.300000,0.200000,-2012.250000,-4059.119873,18.699999,-81.010994,699.920959,0.071000,0.001729,0.000780,0.747350,0.664428,0.019310,-0.004210,0.427910,-2002.479980,-4007.729980,156.239990,-11.701000,656.080933,15.271000,0.094407,0.049899,-0.000628,0.994282,0.809210,0.717210,0.002210
241,False,False,0.300000,0.200000,-2012.949951,-4053.270020,18.699999,-83.870995,701.720947,0.441000,0.001761,0.000639,0.748546,0.663080,0.030410,-0.016910,0.432310,-2002.579956,-4002.260010,156.319992,-11.691000,655.910950,9.851000,0.097757,0.052872,-0.000731,0.993805,0.809210,0.717210,0.002210
242,False,False,0.300000,0.200000,-2013.669922,-4047.409912,18.709999,-86.760994,703.500977,0.691000,0.001783,0.000461,0.749749,0.661720,0.035910,-0.025310,0.436110,-2002.679932,-3996.799805,156.360001,-11.681000,655.740967,4.431000,0.101102,0.055844,-0.000833,0.993307,0.809210,0.717210,0.002210
243,False,False,0.300000,0.200000,-2014.419922,-4041.530029,18.719999,-89.651001,705.260986,0.811000,0.001794,0.000262,0.750961,0.660344,0.038010,-0.029710,0.439410,-2002.779907,-3991.339844,156.349991,-11.671000,655.570984,-0.981000,0.104446,0.058817,-0.000936,0.992789,0.809210,0.717210,0.002210
244,False,False,0.300000,0.200000,-2015.189941,-4035.639893,18.730000,-92.550995,707.010986,0.841000,0.001799,0.000062,0.752178,0.658958,0.037810,-0.031310,0.442210,-2002.880005,-3985.879883,156.300003,-11.661000,655.400940,-6.391000,0.107791,0.061790,-0.001038,0.992251,0.809210,0.717210,0.002210
245,False,False,0.300000,0.200000,-2015.989990,-4029.729980,18.740000,-95.450996,708.740967,0.821000,0.001799,-0.000132,0.753399,0.657561,0.036210,-0.031110,0.444610,-2002.979980,-3980.419922,156.199997,-11.651000,655.230957,-11.801001,0.111131,0.064757,-0.001141,0.991693,0.809210,0.717210,0.002210
246,False,False,0.300000,0.200000,-2016.809937,-4023.809814,18.750000,-98.350998,710.460938,0.771000,0.001799,-0.000316,0.754621,0.656158,0.033810,-0.029710,0.446710,-2003.079956,-3974.959961,156.059998,-11.641000,655.060974,-17.210999,0.114470,0.067724,-0.001244,0.991115,0.809210,0.717210,0.002210
247,False,False,0.300000,0.200000,-2017.649902,-4017.869873,18.760000,-101.260994,712.160950,0.691000,0.001799,-0.000483,0.755848,0.654745,0.030910,-0.027510,0.448510,-2003.179932,-3969.500000,155.869995,-11.631001,654.890991,-22.620998,0.117804,0.070691,-0.001346,0.990517,0.809210,0.717210,0.002210
248,False,False,0.300000,0.200000,-2018.519897,-4011.919922,18.770000,-104.170998,713.850952,0.601000,0.001799,-0.000634,0.757074,0.653326,0.027910,-0.025010,0.450010,-2003.279907,-3964.039795,155.639999,-11.621000,654.720947,-28.030998,0.121138,0.073658,-0.001449,0.989898,0.809210,0.717210,0.002210
249,False,False,0.300000,0.200000,-2019.399902,-4005.949951,18.740000,-105.250999,715.780945,-3.041000,0.002074,0.000267,0.758171,0.652053,-0.120410,0.190710,0.404410,-2003.469971,-3958.599854,155.539993,-22.671000,653.000977,-12.141000,0.124299,0.077877,-0.001713,0.989182,0.768610,1.021210,0.003210
250,False,False,0.300000,0.200000,-2020.299927,-3999.969971,18.719999,-107.960999,717.470947,-2.361000,0.002269,0.000833,0.759291,0.650747,-0.071510,0.123410,0.412310,-2003.479980,-3952.829834,155.879990,-1.181000,692.220947,40.980999,0.127455,0.082090,-0.001977,0.988439,0.768610,1.021210,0.003210
251,False,False,0.300000,0.200000,-2021.219971,-3993.979980,18.709999,-110.850998,719.110962,-1.631000,0.002398,0.001141,0.760425,0.649420,-0.035010,0.071710,0.419310,-2003.489990,-3947.059814,156.179993,-1.181000,692.040955,35.550999,0.130611,0.086304,-0.002242,0.987668,0.768610,1.021210,0.003210
252,False,False,0.300000,0.200000,-2022.169922,-3987.969971,18.699999,-113.870995,720.720947,-0.941000,0.002479,0.001260,0.761575,0.648071,-0.008310,0.032510,0.425410,-2003.500000,-3941.289795,156.429993,-1.181000,691.860962,30.120998,0.133762,0.090512,-0.002506,0.986868,0.768610,1.021210,0.003210
253,False,False,0.300000,0.200000,-2023.140015,-3981.949951,18.699999,-116.970993,722.300964,-0.301000,0.002517,0.001238,0.762738,0.646701,0.010610,0.003410,0.430710,-2003.510010,-3935.530029,156.639999,-1.181000,691.680969,24.690998,0.136907,0.094719,-0.002770,0.986041,0.768610,1.021210,0.003210
254,False,False,0.300000,0.200000,-2024.140015,-3975.919922,18.699999,-120.120995,723.850952,0.191000,0.002517,0.001114,0.763912,0.645315,0.023810,-0.018710,0.435310,-2003.519897,-3929.770020,156.800003,-1.181000,691.500977,19.261000,0.140052,0.098922,-0.003035,0.985186,0.768610,1.021210,0.003210
255,False,False,0.300000,0.200000,-2025.169922,-3969.869873,18.699999,-123.291000,725.380981,0.531000,0.002490,0.000931,0.765091,0.643917,0.031010,-0.033610,0.439310,-2003.529907,-3924.010010,156.919998,-1.181000,691.320984,13.831000,0.143192,0.103125,-0.003299,0.984302,0.768610,1.021210,0.003210
256,False,False,0.300000,0.200000,-2026.219971,-3963.809814,18.709999,-126.460999,726.900940,0.741000,0.002447,0.000715,0.766278,0.642504,0.034510,-0.041910,0.442710,-2003.539917,-3918.250000,156.989990,-1.181000,691.140991,8.411000,0.146326,0.107322,-0.003563,0.983391,0.768610,1.021210,0.003210
257,False,False,0.300000,0.200000,-2027.299927,-3957.739990,18.719999,-129.630997,728.400940,0.841000,0.002393,0.000483,0.767470,0.641080,0.035510,-0.045510,0.445610,-2003.549927,-3912.489990,157.009995,-1.181000,690.960938,2.991000,0.149455,0.111519,-0.003828,0.982452,0.768610,1.021210,0.003210
258,False,False,0.300000,0.200000,-2028.409912,-3951.659912,18.730000,-132.791000,729.890930,0.861000,0.002339,0.000251,0.768667,0.639645,0.034710,-0.046010,0.448110,-2003.559937,-3906.729980,156.989990,-1.181000,690.780945,-2.421000,0.152584,0.115711,-0.004092,0.981485,0.768610,1.021210,0.003210
259,False,False,0.300000,0.200000,-2029.539917,-3945.559814,18.740000,-135.941010,731.370972,0.831000,0.002285,0.000030,0.769868,0.638199,0.032810,-0.044410,0.450210,-2003.569946,-3900.969971,156.919998,-1.181000,690.600952,-7.831000,0.155708,0.119902,-0.004356,0.980489,0.768610,1.021210,0.003210
260,False,False,0.600000,-0.500000,-2030.630005,-3939.429932,18.750000,-130.511002,735.640930,0.741000,0.002231,-0.000170,0.770391,0.637568,0.029410,-0.040810,0.196410,-2003.579956,-3895.219971,156.809998,-1.181000,690.420959,-13.241000,0.158826,0.124089,-0.004621,0.979467,0.768610,1.021210,0.003210
261,False,False,0.600000,-0.500000,-2031.689941,-3933.260010,18.760000,-126.810997,739.810974,0.651000,0.002182,-0.000353,0.770382,0.637578,0.026310,-0.037010,-0.002810,-2003.589966,-3889.469971,156.649994,-1.181000,690.240967,-18.650999,0.161939,0.128270,-0.004885,0.978417,0.768610,1.021210,0.003210
262,False,False,0.600000,-0.500000,-2032.719971,-3927.059814,18.760000,-123.690994,743.960938,0.561000,0.002139,-0.000521,0.769918,0.638139,0.023410,-0.033110,-0.175010,-2003.599976,-3883.719971,156.449997,-1.181000,690.060974,-24.060999,0.165046,0.132451,-0.005149,0.977338,0.768610,1.021210,0.003210
263,False,False,0.600000,-0.500000,-2033.729980,-3920.829834,18.760000,-120.931000,748.100952,0.501000,0.002101,-0.000666,0.769058,0.639175,0.020610,-0.029410,-0.323210,-2003.609985,-3877.969971,156.199997,-1.181000,689.880981,-29.470999,0.168148,0.136626,-0.005414,0.976233,0.768610,1.021210,0.003210
264,False,False,0.600000,-0.500000,-2034.719971,-3914.559814,18.760000,-118.350998,752.250977,0.471000,0.002064,-0.000796,0.767859,0.640616,0.018010,-0.025910,-0.450310,-2003.619995,-3872.219971,155.910004,-1.181000,689.700989,-34.881001,0.171245,0.140797,-0.005678,0.975100,0.768610,1.021210,0.003210
265,False,False,0.600000,-0.500000,-2035.679932,-3908.260010,18.760000,-115.800995,756.410950,0.461000,0.002031,-0.000909,0.766365,0.642401,0.015610,-0.022610,-0.559110,-2003.630005,-3866.469971,155.569992,-1.181000,689.520935,-40.280998,0.174342,0.144967,-0.005942,0.973938,0.768610,1.021210,0.003210
266,False,False,0.600000,-0.500000,-2036.630005,-3901.919922,18.730000,-113.480995,761.280945,-4.121000,0.002209,0.000127,0.764669,0.644419,-0.164310,0.193410,-0.632310,-2003.619995,-3860.760010,155.419998,0.651000,685.230957,-18.150999,0.176980,0.148964,-0.006239,0.972856,0.657410,0.980710,0.004510
267,False,False,0.600000,-0.500000,-2037.549927,-3895.539795,18.699999,-110.200996,765.530945,-3.211000,0.002322,0.000796,0.762744,0.646696,-0.105710,0.125310,-0.714910,-2003.219971,-3854.709961,155.769989,47.591000,725.450989,42.010998,0.179612,0.152957,-0.006536,0.971752,0.657410,0.980710,0.004510
268,False,False,0.600000,-0.500000,-2038.439941,-3889.119873,18.680000,-106.960999,769.770935,-2.261000,0.002393,0.001179,0.760623,0.649188,-0.060910,0.072810,-0.785210,-2002.819946,-3848.669922,156.069992,47.570999,725.260986,36.580997,0.182245,0.156949,-0.006833,0.970622,0.657410,0.980710,0.004510
269,False,False,0.600000,-0.500000,-2039.299927,-3882.669922,18.670000,-103.630997,774.000977,-1.361000,0.002425,0.001346,0.758331,0.651864,-0.027210,0.032810,-0.845110,-2002.419922,-3842.629883,156.330002,47.550999,725.070984,31.150999,0.184872,0.160935,-0.007129,0.969469,0.657410,0.980710,0.004510
270,False,False,0.600000,-0.500000,-2040.130005,-3876.179932,18.670000,-100.140999,778.230957,-0.551000,0.002430,0.001351,0.755892,0.654691,-0.002410,0.002910,-0.896310,-2002.019897,-3836.589844,156.539993,47.530998,724.880981,25.720999,0.187494,0.164917,-0.007426,0.968294,0.657410,0.980710,0.004510
271,False,False,0.600000,-0.500000,-2040.929932,-3869.659912,18.670000,-96.420998,782.450989,0.101000,0.002420,0.001238,0.753321,0.657647,0.015510,-0.019310,-0.940010,-2001.619995,-3830.549805,156.709991,47.510998,724.690979,20.290998,0.190111,0.168893,-0.007723,0.967095,0.657410,0.980710,0.004510
272,False,False,0.600000,-0.500000,-2041.699951,-3863.099854,18.670000,-92.440994,786.660950,0.561000,0.002393,0.001049,0.750636,0.660711,0.026910,-0.034310,-0.977310,-2001.219971,-3824.510010,156.830002,47.490997,724.500977,14.861000,0.192722,0.172869,-0.008019,0.965873,0.657410,0.980710,0.004510
273,False,False,0.600000,-0.500000,-2042.429932,-3856.510010,18.680000,-88.160995,790.850952,0.861000,0.002355,0.000817,0.747851,0.663862,0.032810,-0.042910,-1.009310,-2000.819946,-3818.469971,156.910004,47.470997,724.310974,9.441000,0.195327,0.176839,-0.008316,0.964627,0.657410,0.980710,0.004510
274,False,False,0.600000,-0.500000,-2043.130005,-3849.879883,18.690001,-83.570999,795.020935,1.011000,0.002312,0.000569,0.744975,0.667088,0.035010,-0.046910,-1.036710,-2000.419922,-3812.439941,156.940002,47.451000,724.120972,4.021000,0.197928,0.180805,-0.008613,0.963359,0.657410,0.980710,0.004510
275,False,False,0.600000,-0.500000,-2043.789917,-3843.219971,18.699999,-78.670998,799.160950,1.071000,0.002263,0.000316,0.742020,0.670373,0.034810,-0.047810,-1.060210,-2000.019897,-3806.409912,156.929993,47.431000,723.930969,-1.391000,0.200528,0.184764,-0.008910,0.962066,0.657410,0.980710,0.004510
276,False,False,0.600000,-0.500000,-2044.399902,-3836.530029,18.709999,-73.471001,803.260986,1.071000,0.002215,0.000073,0.738995,0.673707,0.033010,-0.046610,-1.080410,-1999.619995,-3800.379883,156.869995,47.410999,723.740967,-6.801000,0.203123,0.188724,-0.009206,0.960749,0.657410,0.980710,0.004510
277,False,False,0.600000,-0.500000,-2044.969971,-3829.799805,18.719999,-67.980995,807.320984,1.031000,0.002166,-0.000154,0.735907,0.677079,0.030410,-0.044110,-1.097810,-1999.219971,-3794.349854,156.769989,47.390999,723.550964,-12.211000,0.205712,0.192679,-0.009503,0.959410,0.657410,0.980710,0.004510
278,False,False,0.600000,-0.500000,-2045.489990,-3823.039795,18.730000,-62.210999,811.320984,0.971000,0.002117,-0.000364,0.732760,0.680483,0.027310,-0.040810,-1.112810,-1998.819946,-3788.319824,156.619995,47.370998,723.360962,-17.620998,0.208297,0.196628,-0.009800,0.958047,0.657410,0.980710,0.004510
279,False,False,0.600000,-0.500000,-2045.959961,-3816.250000,18.740000,-56.181000,815.260986,0.891000,0.002069,-0.000553,0.729559,0.683914,0.024110,-0.037110,-1.125710,-1998.429932,-3782.289795,156.429993,47.350998,723.170959,-23.030998,0.210875,0.200571,-0.010096,0.956661,0.657410,0.980710,0.004510
280,False,False,0.600000,-0.500000,-2046.380005,-3809.419922,18.750000,-49.900997,819.140930,0.811000,0.002026,-0.000720,0.726312,0.687362,0.020910,-0.033210,-1.136910,-1998.039917,-3776.260010,156.190002,47.330997,722.980957,-28.440998,0.213449,0.204509,-0.010393,0.955253,0.657410,0.980710,0.004510
281,False,False,0.600000,-0.500000,-2046.739990,-3802.559814,18.760000,-43.390999,822.950928,0.721000,0.001983,-0.000871,0.723019,0.690825,0.017910,-0.029410,-1.146510,-1997.649902,-3770.239990,155.910004,47.310997,722.790955,-33.850998,0.216017,0.208442,-0.010684,0.953821,0.657410,0.980710,0.004510
282,False,False,0.600000,-0.500000,-2047.049927,-3795.669922,18.770000,-36.660999,826.680969,0.621000,0.001945,-0.001001,0.719688,0.694294,0.015210,-0.025810,-1.154810,-1997.260010,-3764.219971,155.580002,47.290997,722.600952,-39.250999,0.218579,0.212370,-0.010976,0.952366,0.657410,0.980710,0.004510
283,False,False,0.600000,-0.500000,-2047.299927,-3788.750000,18.770000,-29.730999,830.330933,0.521000,0.001907,-0.001114,0.716320,0.697768,0.012810,-0.022510,-1.162010,-1996.869995,-3758.199951,155.209991,47.271000,722.410950,-44.650997,0.221136,0.216292,-0.011267,0.950889,0.657410,0.980710,0.004510
284,False,False,0.600000,-0.500000,-2047.489990,-3781.799805,18.770000,-22.610998,833.900940,0.451000,0.001875,-0.001211,0.712914,0.701248,0.010710,-0.019510,-1.168310,-1996.479980,-3752.179932,154.789993,47.250999,722.220947,-50.050999,0.223688,0.220208,-0.011558,0.949388,0.657410,0.980710,0.004510
285,False,False,0.600000,-0.500000,-2047.619995,-3774.819824,18.770000,-15.321000,837.380981,0.411000,0.001842,-0.001297,0.709474,0.704728,0.008910,-0.016810,-1.173710,-1996.089966,-3746.159912,154.330002,47.230999,722.030945,-55.450996,0.226234,0.224120,-0.011850,0.947865,0.657410,0.980710,0.004510
286,False,False,0.600000,-0.500000,-2047.719971,-3767.819824,18.719999,-11.871000,840.040955,-6.331000,0.001826,-0.000688,0.706152,0.708058,-0.107210,0.102410,-1.128610,-1995.500000,-3740.109863,154.160004,71.230995,726.230957,-20.460999,0.229304,0.226094,-0.011650,0.946660,0.780010,0.494210,-0.015510
287,False,False,0.600000,-0.500000,-2047.750000,-3760.789795,18.680000,-3.461000,843.290955,-4.681000,0.001810,-0.000272,0.702780,0.711405,-0.073710,0.069910,-1.140410,-1994.359985,-3733.859863,154.449997,137.151001,749.920959,34.701000,0.232368,0.228063,-0.011450,0.945442,0.780010,0.494210,-0.015510
288,False,False,0.600000,-0.500000,-2047.709961,-3753.739990,18.650000,4.841000,846.450928,-3.201000,0.001799,-0.000019,0.699360,0.714768,-0.045910,0.043010,-1.150510,-1993.219971,-3727.609863,154.690002,137.111008,749.730957,29.270998,0.235433,0.230032,-0.011251,0.944209,0.780010,0.494210,-0.015510
289,False,False,0.600000,-0.500000,-2047.599976,-3746.659912,18.629999,13.091001,849.530945,-1.911000,0.001788,0.000105,0.695902,0.718135,-0.023310,0.020810,-1.159110,-1992.079956,-3721.359863,154.889999,137.070999,749.540955,23.841000,0.238491,0.231996,-0.011051,0.942962,0.780010,0.494210,-0.015510
290,False,False,0.600000,-0.500000,-2047.419922,-3739.559814,18.619999,21.320999,852.520935,-0.801000,0.001783,0.000121,0.692400,0.721511,-0.005610,0.003010,-1.166410,-1990.939941,-3715.109863,155.039993,137.031006,749.350952,18.410999,0.241545,0.233954,-0.010852,0.941703,0.780010,0.494210,-0.015510
291,False,False,0.600000,-0.500000,-2047.169922,-3732.429932,18.619999,29.560999,855.420959,0.111000,0.001778,0.000057,0.688867,0.724886,0.007610,-0.010710,-1.172710,-1989.799927,-3708.869873,155.149994,136.990997,749.160950,12.981000,0.244598,0.235913,-0.010652,0.940427,0.780010,0.494210,-0.015510
292,False,False,0.600000,-0.500000,-2046.849976,-3725.280029,18.629999,37.841000,858.230957,0.801000,0.001772,-0.000062,0.685301,0.728258,0.016310,-0.020010,-1.178010,-1988.659912,-3702.629883,155.209991,136.951004,748.970947,7.561000,0.247646,0.237866,-0.010447,0.939139,0.780010,0.494210,-0.015510
293,False,False,0.600000,-0.500000,-2046.469971,-3718.109863,18.639999,46.170998,860.940979,1.221000,0.001761,-0.000208,0.681703,0.731627,0.020510,-0.024910,-1.182510,-1987.519897,-3696.389893,155.229996,136.911011,748.780945,2.141000,0.250689,0.239813,-0.010242,0.937838,0.780010,0.494210,-0.015510
294,False,False,0.600000,-0.500000,-2046.019897,-3710.909912,18.650000,54.570999,863.550964,1.471000,0.001751,-0.000359,0.678077,0.734988,0.021910,-0.026810,-1.186210,-1986.380005,-3690.149902,155.199997,136.871002,748.590942,-3.271000,0.253732,0.241761,-0.010037,0.936521,0.780010,0.494210,-0.015510
295,False,False,0.600000,-0.500000,-2045.489990,-3703.689941,18.660000,63.040997,866.060974,1.601000,0.001740,-0.000510,0.674425,0.738341,0.021610,-0.026810,-1.189310,-1985.239990,-3683.909912,155.129990,136.831009,748.400940,-8.681000,0.256769,0.243703,-0.009832,0.935191,0.780010,0.494210,-0.015510
296,False,False,0.600000,-0.500000,-2044.890015,-3696.449951,18.670000,71.581001,868.460938,1.651000,0.001729,-0.000655,0.670751,0.741680,0.020410,-0.025710,-1.191910,-1984.099976,-3677.669922,155.009995,136.791000,748.210938,-14.091001,0.259801,0.245640,-0.009627,0.933848,0.780010,0.494210,-0.015510
297,False,False,0.600000,-0.500000,-2044.219971,-3689.189941,18.680000,80.200996,870.760986,1.641000,0.001718,-0.000790,0.667050,0.745010,0.018710,-0.024210,-1.194110,-1982.959961,-3671.439941,154.849991,136.751007,748.020935,-19.500999,0.262833,0.247576,-0.009422,0.932489,0.780010,0.494210,-0.015510
298,False,False,0.600000,-0.500000,-2043.479980,-3681.919922,18.690001,88.890999,872.950928,1.591000,0.001702,-0.000914,0.663328,0.748326,0.016810,-0.022410,-1.195910,-1981.819946,-3665.209961,154.639999,136.710999,747.830933,-24.910999,0.265859,0.249508,-0.009217,0.931118,0.780010,0.494210,-0.015510
299,False,False,0.600000,-0.500000,-2042.669922,-3674.629883,18.699999,97.651001,875.030945,1.521000,0.001686,-0.001028,0.659584,0.751628,0.014910,-0.020510,-1.197310,-1980.679932,-3658.979980,154.389999,136.671005,747.640930,-30.320999,0.268880,0.251434,-0.009012,0.929733,0.780010,0.494210,-0.015510
300,False,False,0.600000,-0.500000,-2041.779907,-3667.319824,18.709999,106.480995,877.000977,1.431000,0.001670,-0.001130,0.655824,0.754911,0.013110,-0.018510,-1.198410,-1979.539917,-3652.750000,154.089996,136.630997,747.450989,-35.720997,0.271896,0.253359,-0.008807,0.928334,0.780010,0.494210,-0.015510
301,False,False,0.600000,-0.500000,-2040.819946,-3660.000000,18.719999,115.370995,878.860962,1.331000,0.001654,-0.001222,0.652042,0.758180,0.011410,-0.016610,-1.199310,-1978.399902,-3646.520020,153.750000,136.591003,747.260986,-41.120998,0.274912,0.255280,-0.008602,0.926921,0.780010,0.494210,-0.015510
302,False,False,0.600000,-0.500000,-2039.779907,-3652.659912,18.730000,124.320999,880.610962,1.221000,0.001637,-0.001303,0.648244,0.761430,0.009910,-0.014910,-1.200010,-1977.260010,-3640.290039,153.360001,136.551010,747.070984,-46.521000,0.277922,0.257195,-0.008397,0.925494,0.780010,0.494210,-0.015510
303,False,False,0.600000,-0.500000,-2038.669922,-3645.309814,18.740000,133.331009,882.250977,1.111000,0.001621,-0.001378,0.644430,0.764661,0.008610,-0.013310,-1.200510,-1976.119995,-3634.069824,152.929993,136.511002,746.880981,-51.920998,0.280927,0.259110,-0.008192,0.924053,0.780010,0.494210,-0.015510
304,False,False,0.600000,-0.500000,-2037.519897,-3637.949951,18.690001,137.880997,883.090942,-5.961000,0.001794,-0.000941,0.640670,0.767814,-0.036310,0.109310,-1.177710,-1974.760010,-3627.809814,152.800003,163.541000,750.790955,-15.511000,0.284617,0.259186,-0.007502,0.922908,0.939010,0.034310,-0.073310
305,False,False,0.600000,-0.500000,-2036.289917,-3630.579834,18.650000,147.841003,884.310974,-4.251000,0.001918,-0.000650,0.636877,0.770963,-0.023010,0.075010,-1.182010,-1972.769897,-3621.520020,153.099991,238.431000,755.110962,36.470997,0.288302,0.259256,-0.006811,0.921749,0.939010,0.034310,-0.073310
306,False,False,0.600000,-0.500000,-2034.979980,-3623.199951,18.629999,157.630997,885.470947,-2.741000,0.001999,-0.000477,0.633063,0.774098,-0.012210,0.046110,-1.185510,-1970.779907,-3615.229980,153.360001,238.371002,754.910950,31.040998,0.291986,0.259326,-0.006120,0.920574,0.939010,0.034310,-0.073310
307,False,False,0.600000,-0.500000,-2033.589966,-3615.809814,18.619999,167.291000,886.550964,-1.461000,0.002042,-0.000407,0.629222,0.777223,-0.003810,0.022310,-1.188310,-1968.789917,-3608.939941,153.569992,238.311005,754.710938,25.610998,0.295666,0.259391,-0.005430,0.919385,0.939010,0.034310,-0.073310
308,False,False,0.600000,-0.500000,-2032.119995,-3608.409912,18.619999,176.861008,887.550964,-0.411000,0.002058,-0.000413,0.625359,0.780334,0.002410,0.003410,-1.190510,-1966.799927,-3602.649902,153.739990,238.251007,754.510986,20.181000,0.299340,0.259450,-0.004739,0.918182,0.939010,0.034310,-0.073310
309,False,False,0.600000,-0.500000,-2030.569946,-3601.010010,18.619999,186.371002,888.460938,0.411000,0.002047,-0.000477,0.621475,0.783431,0.006710,-0.011110,-1.192210,-1964.809937,-3596.359863,153.860001,238.190994,754.310974,14.751000,0.303008,0.259504,-0.004049,0.916966,0.939010,0.034310,-0.073310
310,False,False,0.200000,-0.300000,-2028.959961,-3593.609863,18.629999,192.861008,888.000977,1.011000,0.002020,-0.000575,0.617817,0.786319,0.008710,-0.020710,-1.118810,-1962.829956,-3590.079834,153.940002,238.130997,754.110962,9.331000,0.306671,0.259558,-0.003358,0.915735,0.939010,0.034310,-0.073310
311,False,False,0.200000,-0.300000,-2027.299927,-3586.209961,18.639999,199.691010,887.370972,1.381000,0.001983,-0.000693,0.614343,0.789036,0.009210,-0.025510,-1.057910,-1960.849976,-3583.799805,153.970001,238.070999,753.910950,3.911000,0.310329,0.259607,-0.002668,0.914491,0.939010,0.034310,-0.073310
312,False,False,0.200000,-0.300000,-2025.579956,-3578.819824,18.650000,206.701004,886.610962,1.581000,0.001939,-0.000817,0.611031,0.791604,0.009010,-0.027410,-1.006410,-1958.869995,-3577.520020,153.959991,238.011002,753.710938,-1.501000,0.313981,0.259650,-0.001977,0.913233,0.939010,0.034310,-0.073310
313,False,False,0.200000,-0.300000,-2023.799927,-3571.439941,18.660000,213.811005,885.750977,1.681000,0.001891,-0.000936,0.607853,0.794047,0.008310,-0.027510,-0.962710,-1956.890015,-3571.239990,153.899994,237.951004,753.510986,-6.911000,0.317633,0.259693,-0.001287,0.911958,0.939010,0.034310,-0.073310
314,False,False,0.200000,-0.300000,-2021.959961,-3564.069824,18.670000,220.960999,884.810974,1.701000,0.001842,-0.001049,0.604789,0.796383,0.007410,-0.026510,-0.925510,-1954.909912,-3564.959961,153.800003,237.891006,753.310974,-12.321000,0.321280,0.259731,-0.000596,0.910669,0.939010,0.034310,-0.073310
315,False,False,0.200000,-0.300000,-2020.059937,-3556.699951,18.680000,228.091003,883.810974,1.681000,0.001799,-0.001157,0.601821,0.798628,0.006510,-0.024910,-0.893710,-1952.929932,-3558.679932,153.649994,237.831009,753.110962,-17.730999,0.324922,0.259763,0.000094,0.909367,0.939010,0.034310,-0.073310
316,False,False,0.200000,-0.300000,-2018.099976,-3549.339844,18.690001,235.181000,882.760986,1.621000,0.001756,-0.001254,0.598935,0.800794,0.005610,-0.022910,-0.866510,-1950.949951,-3552.409912,153.459991,237.770996,752.910950,-23.140999,0.328558,0.259790,0.000785,0.908052,0.939010,0.034310,-0.073310
317,False,False,0.200000,-0.300000,-2016.079956,-3541.989990,18.699999,242.201004,881.670959,1.541000,0.001718,-0.001341,0.596119,0.802893,0.004810,-0.020810,-0.843210,-1948.969971,-3546.139893,153.220001,237.710999,752.710938,-28.550999,0.332189,0.259817,0.001475,0.906721,0.939010,0.034310,-0.073310
318,False,False,0.200000,-0.300000,-2014.000000,-3534.649902,18.709999,249.130997,880.550964,1.451000,0.001680,-0.001422,0.593362,0.804932,0.004010,-0.018710,-0.823210,-1946.989990,-3539.869873,152.940002,237.651001,752.510986,-33.960999,0.335814,0.259839,0.002166,0.905377,0.939010,0.034310,-0.073310
319,False,False,0.200000,-0.300000,-2011.869995,-3527.319824,18.719999,255.960999,879.410950,1.351000,0.001648,-0.001492,0.590654,0.806922,0.003310,-0.016710,-0.806010,-1945.010010,-3533.599854,152.610001,237.591003,752.320984,-39.361000,0.339434,0.259855,0.002857,0.904020,0.939010,0.034310,-0.073310
320,False,False,0.200000,-0.300000,-2009.679932,-3520.000000,18.730000,262.691010,878.250977,1.241000,0.001616,-0.001556,0.587989,0.808866,0.002710,-0.014810,-0.791210,-1943.029907,-3527.329834,152.239990,237.531006,752.130981,-44.760998,0.343048,0.259866,0.003547,0.902649,0.939010,0.034310,-0.073310
321,False,False,0.200000,-0.300000,-2007.439941,-3512.689941,18.740000,269.311005,877.080933,1.131000,0.001583,-0.001610,0.585362,0.810769,0.002210,-0.013110,-0.778510,-1941.049927,-3521.059814,151.819992,237.471008,751.940979,-50.160999,0.346657,0.259876,0.004238,0.901263,0.939010,0.034310,-0.073310
322,False,False,0.200000,-0.300000,-2005.140015,-3505.389893,18.750000,275.830994,875.900940,1.011000,0.001556,-0.001659,0.582767,0.812636,0.001810,-0.011510,-0.767510,-1939.069946,-3514.799805,151.360001,237.410995,751.750977,-55.560997,0.350261,0.259882,0.004928,0.899863,0.939010,0.034310,-0.073310
323,False,False,0.200000,-0.300000,-2002.789917,-3498.099854,18.760000,282.251007,874.710938,0.891000,0.001529,-0.001702,0.580199,0.814471,0.001410,-0.010110,-0.758010,-1937.089966,-3508.540039,150.849991,237.350998,751.560974,-60.960999,0.353860,0.259882,0.005619,0.898450,0.939010,0.034310,-0.073310
324,False,False,0.200000,-0.300000,-2000.419922,-3490.819824,18.699999,284.181000,873.570984,-7.521000,0.002112,-0.001168,0.577647,0.816283,0.039410,0.187310,-0.750610,-1934.890015,-3502.280029,150.709991,263.640991,750.970947,-16.540998,0.357992,0.258603,0.006649,0.897174,1.065510,-0.277710,-0.142710
325,False,False,0.200000,-0.300000,-1997.989990,-3483.549805,18.650000,291.411011,871.980957,-5.531000,0.002527,-0.000796,0.575112,0.818071,0.029210,0.132310,-0.744510,-1932.069946,-3496.159912,150.979996,338.851013,734.000977,32.100998,0.362119,0.257319,0.007679,0.895878,1.065510,-0.277710,-0.142710
326,False,False,0.200000,-0.300000,-1995.500000,-3476.299805,18.619999,298.270996,870.480957,-3.761000,0.002797,-0.000558,0.572587,0.819839,0.020210,0.085610,-0.738910,-1929.250000,-3490.040039,151.199997,338.760986,733.810974,26.671000,0.366235,0.256030,0.008710,0.894564,1.065510,-0.277710,-0.142710
327,False,False,0.200000,-0.300000,-1992.959961,-3469.059814,18.600000,304.841003,869.040955,-2.231000,0.002948,-0.000434,0.570078,0.821585,0.012510,0.046910,-0.733810,-1926.429932,-3483.929932,151.379990,338.670990,733.620972,21.240999,0.370346,0.254735,0.009740,0.893229,1.065510,-0.277710,-0.142710
328,False,False,0.200000,-0.300000,-1990.369995,-3461.829834,18.590000,311.170990,867.650940,-0.941000,0.003008,-0.000402,0.567581,0.823312,0.006010,0.015710,-0.729110,-1923.609985,-3477.819824,151.509995,338.580994,733.430969,15.811000,0.374446,0.253435,0.010771,0.891877,1.065510,-0.277710,-0.142710
329,False,False,0.200000,-0.300000,-1987.729980,-3454.609863,18.590000,317.311005,866.300964,0.111000,0.002986,-0.000440,0.565094,0.825021,0.000610,-0.008510,-0.724910,-1920.789917,-3471.709961,151.599991,338.490997,733.240967,10.391000,0.378541,0.252129,0.011801,0.890505,1.065510,-0.277710,-0.142710
330,False,False,0.200000,-0.300000,-1985.039917,-3447.399902,18.600000,323.300995,864.970947,0.921000,0.002910,-0.000531,0.562612,0.826716,-0.003610,-0.025810,-0.721110,-1917.969971,-3465.599854,151.639999,338.401001,733.050964,4.971000,0.382625,0.250818,0.012832,0.889114,1.065510,-0.277710,-0.142710
331,False,False,0.200000,-0.300000,-1982.299927,-3440.199951,18.609999,329.181000,863.640930,1.431000,0.002803,-0.000645,0.560136,0.828396,-0.006310,-0.035010,-0.717810,-1915.149902,-3459.489990,151.639999,338.311005,732.860962,-0.441000,0.386703,0.249502,0.013857,0.887703,1.065510,-0.277710,-0.142710
332,False,False,0.200000,-0.300000,-1979.510010,-3433.010010,18.619999,334.980988,862.310974,1.741000,0.002684,-0.000769,0.557665,0.830061,-0.007910,-0.039210,-0.714810,-1912.329956,-3453.379883,151.589996,338.221008,732.670959,-5.851000,0.390771,0.248180,0.014882,0.886275,1.065510,-0.277710,-0.142710
333,False,False,0.200000,-0.300000,-1976.669922,-3425.839844,18.639999,340.721008,860.970947,1.901000,0.002560,-0.000898,0.555200,0.831713,-0.008710,-0.040310,-0.712210,-1909.510010,-3447.280029,151.500000,338.131012,732.480957,-11.261000,0.394833,0.246853,0.015907,0.884826,1.065510,-0.277710,-0.142710
334,False,False,0.200000,-0.300000,-1973.779907,-3418.679932,18.660000,346.401001,859.610962,1.931000,0.002436,-0.001022,0.552740,0.833350,-0.009010,-0.039410,-0.709910,-1906.689941,-3441.179932,151.360001,338.040985,732.290955,-16.671000,0.398885,0.245521,0.016932,0.883359,1.065510,-0.277710,-0.142710
335,False,False,0.200000,-0.300000,-1970.849976,-3411.530029,18.680000,352.031006,858.230957,1.871000,0.002317,-0.001141,0.550279,0.834977,-0.009010,-0.037310,-0.707910,-1903.869995,-3435.079834,151.179993,337.950989,732.100952,-22.080999,0.402931,0.244183,0.017957,0.881872,1.065510,-0.277710,-0.142710
336,False,False,0.200000,-0.300000,-1967.869995,-3404.389893,18.690001,357.631012,856.830933,1.741000,0.002204,-0.001249,0.547819,0.836593,-0.008810,-0.034610,-0.706110,-1901.049927,-3428.979980,150.949997,337.860992,731.910950,-27.490999,0.406966,0.242840,0.018982,0.880368,1.065510,-0.277710,-0.142710
337,False,False,0.200000,-0.300000,-1964.839966,-3397.260010,18.699999,363.191010,855.410950,1.621000,0.002101,-0.001346,0.545359,0.838199,-0.008410,-0.031610,-0.704510,-1898.229980,-3422.879883,150.679993,337.770996,731.720947,-32.900997,0.410991,0.241491,0.020007,0.878845,1.065510,-0.277710,-0.142710
338,False,False,0.200000,-0.300000,-1961.769897,-3390.139893,18.709999,368.721008,853.970947,1.501000,0.002004,-0.001432,0.542899,0.839794,-0.007910,-0.028510,-0.703110,-1895.419922,-3416.780029,150.360001,337.681000,731.530945,-38.300999,0.415010,0.240137,0.021032,0.877302,1.065510,-0.277710,-0.142710
339,False,False,0.200000,-0.300000,-1958.649902,-3383.040039,18.719999,374.221008,852.500977,1.381000,0.001918,-0.001513,0.540439,0.841380,-0.007310,-0.025510,-0.701910,-1892.609985,-3410.689941,150.000000,337.591003,731.340942,-43.701000,0.419018,0.238777,0.022057,0.875741,1.065510,-0.277710,-0.142710
340,False,False,0.200000,-0.300000,-1955.489990,-3375.949951,18.730000,379.691010,851.010986,1.261000,0.001837,-0.001583,0.537979,0.842955,-0.006710,-0.022610,-0.700810,-1889.799927,-3404.599854,149.589996,337.501007,731.150940,-49.100998,0.423016,0.237412,0.023082,0.874163,1.065510,-0.277710,-0.142710
341,False,False,0.200000,-0.300000,-1952.279907,-3368.869873,18.740000,385.140991,849.490967,1.141000,0.001767,-0.001643,0.535519,0.844520,-0.006110,-0.020010,-0.699810,-1886.989990,-3398.510010,149.139999,337.411011,730.960938,-54.500999,0.427008,0.236042,0.024107,0.872564,1.065510,-0.277710,-0.142710
342,False,False,0.200000,-0.300000,-1949.049927,-3361.790039,18.690001,388.161011,849.140930,-5.911000,0.002452,-0.001179,0.533070,0.846067,0.079710,0.183810,-0.694910,-1884.059937,-3392.479980,148.989990,351.740997,723.600952,-18.261000,0.430968,0.234666,0.025132,0.870957,1.060610,-0.279510,-0.141310
343,False,False,0.200000,-0.300000,-1945.760010,-3354.729980,18.650000,394.351013,847.170959,-4.231000,0.002927,-0.000860,0.530615,0.847607,0.055910,0.126710,-0.695710,-1880.549927,-3386.719971,149.199997,421.020996,691.410950,24.950998,0.434922,0.233285,0.026157,0.869331,1.060610,-0.279510,-0.141310
344,False,False,0.200000,-0.300000,-1942.419922,-3347.689941,18.629999,400.260986,845.300964,-2.731000,0.003223,-0.000666,0.528155,0.849141,0.035610,0.079010,-0.696010,-1877.039917,-3380.959961,149.360001,420.911011,691.230957,19.521000,0.438866,0.231899,0.027182,0.867687,1.060610,-0.279510,-0.141310
345,False,False,0.200000,-0.300000,-1939.039917,-3340.659912,18.619999,405.950989,843.500977,-1.461000,0.003374,-0.000575,0.525690,0.850669,0.018710,0.039810,-0.696010,-1873.529907,-3375.199951,149.479996,420.800995,691.050964,14.091001,0.442798,0.230507,0.028207,0.866026,1.060610,-0.279510,-0.141310
346,False,False,0.200000,-0.300000,-1935.609985,-3333.649902,18.619999,411.471008,841.750977,-0.421000,0.003412,-0.000564,0.523219,0.852191,0.005010,0.008610,-0.695810,-1870.019897,-3369.439941,149.550003,420.691010,690.870972,8.671000,0.446726,0.229110,0.029232,0.864344,1.060610,-0.279510,-0.141310
347,False,False,0.200000,-0.300000,-1932.140015,-3326.649902,18.619999,416.871002,840.030945,0.401000,0.003358,-0.000618,0.520748,0.853703,-0.005710,-0.015310,-0.695410,-1866.510010,-3363.679932,149.580002,420.580994,690.690979,3.251000,0.450643,0.227707,0.030257,0.862644,1.060610,-0.279510,-0.141310
348,False,False,0.200000,-0.300000,-1928.619995,-3319.659912,18.629999,422.200989,838.310974,1.001000,0.003245,-0.000709,0.518272,0.855209,-0.013010,-0.030910,-0.695010,-1863.010010,-3357.929932,149.559998,420.471008,690.510986,-2.161000,0.454548,0.226299,0.031282,0.860927,1.060610,-0.279510,-0.141310
349,False,False,0.200000,-0.300000,-1925.059937,-3312.689941,18.639999,427.480988,836.580933,1.361000,0.003099,-0.000823,0.515796,0.856706,-0.017210,-0.039210,-0.694510,-1859.510010,-3352.179932,149.500000,420.360992,690.330933,-7.571000,0.458443,0.224886,0.032301,0.859193,1.060610,-0.279510,-0.141310
350,False,False,0.200000,-0.300000,-1921.449951,-3305.729980,18.650000,432.730988,834.830933,1.561000,0.002937,-0.000941,0.513314,0.858195,-0.019310,-0.042610,-0.694110,-1856.010010,-3346.429932,149.389999,420.251007,690.150940,-12.981000,0.462328,0.223472,0.033321,0.857440,1.060610,-0.279510,-0.141310
351,False,False,0.200000,-0.300000,-1917.799927,-3298.790039,18.660000,437.960999,833.050964,1.661000,0.002770,-0.001060,0.510833,0.859675,-0.020010,-0.043010,-0.693710,-1852.510010,-3340.679932,149.239990,420.140991,689.970947,-18.390999,0.466207,0.222053,0.034341,0.855666,1.060610,-0.279510,-0.141310
352,False,False,0.200000,-0.300000,-1914.109985,-3291.859863,18.670000,443.181000,831.240967,1.681000,0.002608,-0.001173,0.508346,0.861148,-0.019710,-0.041610,-0.693310,-1849.010010,-3334.929932,149.039993,420.031006,689.790955,-23.800999,0.470075,0.220629,0.035360,0.853875,1.060610,-0.279510,-0.141310
353,False,False,0.200000,-0.300000,-1910.369995,-3284.949951,18.680000,448.390991,829.400940,1.661000,0.002452,-0.001281,0.505859,0.862612,-0.018910,-0.039110,-0.692910,-1845.510010,-3329.179932,148.800003,419.920990,689.610962,-29.210999,0.473932,0.219200,0.036380,0.852066,1.060610,-0.279510,-0.141310
354,False,False,0.200000,-0.300000,-1906.589966,-3278.049805,18.690001,453.591003,827.520935,1.601000,0.002306,-0.001378,0.503366,0.864069,-0.017710,-0.036010,-0.692610,-1842.010010,-3323.429932,148.509995,419.811005,689.430969,-34.620998,0.477779,0.217764,0.037400,0.850240,1.060610,-0.279510,-0.141310
355,False,False,0.200000,-0.300000,-1902.769897,-3271.169922,18.699999,458.790985,825.610962,1.521000,0.002177,-0.001470,0.500874,0.865516,-0.016310,-0.032710,-0.692310,-1838.510010,-3317.689941,148.179993,419.700989,689.250977,-40.021000,0.481614,0.216324,0.038419,0.848396,1.060610,-0.279510,-0.141310
356,False,False,0.200000,-0.300000,-1898.899902,-3264.309814,18.709999,463.980988,823.660950,1.431000,0.002058,-0.001551,0.498376,0.866957,-0.014910,-0.029410,-0.692010,-1835.010010,-3311.949951,147.800003,419.591003,689.070984,-45.420998,0.485439,0.214878,0.039439,0.846535,1.060610,-0.279510,-0.141310
357,False,False,0.200000,-0.300000,-1894.989990,-3257.459961,18.719999,469.161011,821.680969,1.331000,0.001950,-0.001621,0.495873,0.868392,-0.013610,-0.026210,-0.691710,-1831.510010,-3306.209961,147.379990,419.480988,688.890991,-50.820999,0.489253,0.213432,0.040453,0.844655,1.060610,-0.279510,-0.141310
358,False,False,0.200000,-0.300000,-1891.039917,-3250.629883,18.730000,474.341003,819.670959,1.221000,0.001853,-0.001686,0.493369,0.869816,-0.012310,-0.023210,-0.691510,-1828.020020,-3300.469971,146.910004,419.371002,688.710938,-56.220997,0.493062,0.211981,0.041467,0.842754,1.060610,-0.279510,-0.141310
359,False,False,0.200000,-0.300000,-1887.039917,-3243.819824,18.740000,479.510986,817.620972,1.111000,0.001767,-0.001745,0.490861,0.871234,-0.011110,-0.020510,-0.691310,-1824.529907,-3294.729980,146.399994,419.260986,688.530945,-61.620998,0.496860,0.210525,0.042481,0.840836,1.060610,-0.279510,-0.141310
360,True,True,0.200000,-0.300000,-1882.949951,-3236.939941,18.750000,491.221008,826.120972,1.031000,0.001686,-0.001794,0.488336,0.872652,-0.010010,-0.017910,-0.694610,-1821.039917,-3288.989990,145.839996,419.151001,688.350952,-67.020996,0.500647,0.209063,0.043496,0.838900,1.060610,-0.279510,-0.141310
361,True,True,0.200000,-0.300000,-1878.760010,-3229.989990,18.760000,502.901001,834.470947,0.941000,0.001616,-0.001837,0.485801,0.874066,-0.009010,-0.015610,-0.696710,-1817.549927,-3283.260010,145.239990,419.040985,688.170959,-72.420998,0.504423,0.207595,0.044510,0.836947,1.060610,-0.279510,-0.141310
362,True,True,0.200000,-0.300000,-1874.510010,-3222.969971,18.699999,510.460999,842.450928,-7.111000,0.002695,-0.001912,0.482985,0.875623,0.235710,0.111210,-0.771310,-1813.849976,-3277.520020,144.989990,443.520996,689.310974,-30.030998,0.509522,0.205313,0.045438,0.834368,1.406410,-0.388310,-0.316310
363,True,True,0.200000,-0.300000,-1870.149902,-3215.889893,18.660000,523.060974,849.900940,-5.311000,0.003418,-0.001966,0.480201,0.877150,0.158510,0.075410,-0.762010,-1809.469971,-3272.309814,145.169998,526.020935,624.790955,22.120998,0.514598,0.203020,0.046366,0.831758,1.406410,-0.388310,-0.316310
364,True,True,0.200000,-0.300000,-1865.689941,-3208.750000,18.629999,535.440979,857.310974,-3.661000,0.003860,-0.002004,0.477444,0.878651,0.097110,0.046110,-0.752810,-1805.089966,-3267.099854,145.309998,525.880981,624.630981,16.691000,0.519653,0.200722,0.047294,0.829117,1.406410,-0.388310,-0.316310
365,True,True,0.200000,-0.300000,-1861.130005,-3201.540039,18.609999,547.680969,864.640930,-2.181000,0.004081,-0.002031,0.474714,0.880128,0.049110,0.022710,-0.744610,-1800.709961,-3261.899902,145.399994,525.740967,624.470947,11.271000,0.524692,0.198413,0.048216,0.826442,1.406410,-0.388310,-0.316310
366,True,True,0.200000,-0.300000,-1856.459961,-3194.270020,18.600000,559.840942,871.850952,-0.901000,0.004130,-0.002053,0.472006,0.881583,0.012210,0.004410,-0.737510,-1796.329956,-3256.699951,145.449997,525.600952,624.310974,5.851000,0.529709,0.196099,0.049139,0.823735,1.406410,-0.388310,-0.316310
367,True,True,0.200000,-0.300000,-1851.689941,-3186.949951,18.600000,571.940979,878.920959,0.161000,0.004049,-0.002069,0.469319,0.883017,-0.015510,-0.009410,-0.731310,-1791.949951,-3251.500000,145.449997,525.460938,624.150940,0.431000,0.534705,0.193774,0.050056,0.820998,1.406410,-0.388310,-0.316310
368,True,True,0.200000,-0.300000,-1846.819946,-3179.569824,18.609999,584.010986,885.840942,0.961000,0.003882,-0.002080,0.466649,0.884432,-0.034510,-0.018510,-0.726010,-1787.569946,-3246.300049,145.410004,525.320984,623.990967,-4.981000,0.539679,0.191443,0.050973,0.818229,1.406410,-0.388310,-0.316310
369,True,True,0.200000,-0.300000,-1841.849976,-3172.129883,18.619999,596.070984,892.590942,1.451000,0.003666,-0.002090,0.463989,0.885831,-0.045010,-0.023410,-0.721410,-1783.189941,-3241.099854,145.319992,525.180969,623.830933,-10.391000,0.544631,0.189107,0.051890,0.815428,1.406410,-0.388310,-0.316310
370,True,True,0.200000,-0.300000,-1836.779907,-3164.639893,18.629999,608.140991,899.160950,1.741000,0.003428,-0.002101,0.461340,0.887214,-0.049810,-0.025510,-0.717510,-1778.809937,-3235.899902,145.190002,525.040955,623.670959,-15.801000,0.549562,0.186760,0.052802,0.812597,1.406410,-0.388310,-0.316310
371,True,True,0.200000,-0.300000,-1831.609985,-3157.089844,18.650000,620.220947,905.550964,1.891000,0.003186,-0.002107,0.458697,0.888585,-0.050810,-0.025710,-0.714210,-1774.439941,-3230.699951,145.009995,524.900940,623.510986,-21.210999,0.554471,0.184408,0.053713,0.809735,1.406410,-0.388310,-0.316310
372,True,True,0.200000,-0.300000,-1826.339966,-3149.489990,18.670000,632.320984,911.760986,1.911000,0.002948,-0.002112,0.456064,0.889939,-0.049310,-0.024810,-0.711410,-1770.069946,-3225.510010,144.789993,524.760986,623.350952,-26.620998,0.559364,0.182051,0.054625,0.806837,1.406410,-0.388310,-0.316310
373,True,True,0.200000,-0.300000,-1820.969971,-3141.839844,18.690001,644.430969,917.780945,1.841000,0.002727,-0.002117,0.453432,0.891284,-0.046410,-0.023210,-0.709010,-1765.699951,-3220.319824,144.520004,524.620972,623.190979,-32.030998,0.564231,0.179682,0.055532,0.803912,1.406410,-0.388310,-0.316310
374,True,True,0.200000,-0.300000,-1815.500000,-3134.139893,18.699999,656.560974,923.620972,1.721000,0.002522,-0.002123,0.450804,0.892617,-0.042710,-0.021310,-0.706910,-1761.329956,-3215.129883,144.209991,524.480957,623.030945,-37.431000,0.569075,0.177309,0.056438,0.800956,1.406410,-0.388310,-0.316310
375,True,True,0.200000,-0.300000,-1809.929932,-3126.399902,18.709999,668.710938,929.270935,1.601000,0.002333,-0.002128,0.448182,0.893937,-0.038710,-0.019210,-0.705010,-1756.959961,-3209.939941,143.849991,524.340942,622.870972,-42.830997,0.573898,0.174930,0.057339,0.797968,1.406410,-0.388310,-0.316310
376,True,True,0.200000,-0.300000,-1804.260010,-3118.609863,18.719999,680.880981,934.740967,1.481000,0.002166,-0.002134,0.445561,0.895247,-0.034610,-0.017110,-0.703310,-1752.589966,-3204.750000,143.449997,524.200989,622.710938,-48.230999,0.578699,0.172545,0.058240,0.794949,1.406410,-0.388310,-0.316310
377,True,True,0.200000,-0.300000,-1798.479980,-3110.780029,18.730000,693.060974,940.030945,1.361000,0.002015,-0.002139,0.442939,0.896547,-0.030710,-0.015110,-0.701810,-1748.219971,-3199.559814,143.000000,524.060974,622.550964,-53.630997,0.583479,0.170150,0.059141,0.791899,1.406410,-0.388310,-0.316310
378,True,True,0.200000,-0.300000,-1792.599976,-3102.899902,18.740000,705.250977,945.140930,1.241000,0.001885,-0.002144,0.440322,0.897835,-0.027010,-0.013210,-0.700310,-1743.849976,-3194.369873,142.509995,523.920959,622.390991,-59.030998,0.588237,0.167749,0.060036,0.788817,1.406410,-0.388310,-0.316310
379,True,True,0.200000,-0.300000,-1786.619995,-3094.979980,18.750000,717.450989,950.070984,1.121000,0.001772,-0.002150,0.437706,0.899114,-0.023610,-0.011510,-0.698910,-1739.479980,-3189.179932,141.970001,523.780945,622.230957,-64.431000,0.592974,0.165343,0.060932,0.785704,1.406410,-0.388310,-0.316310
380,True,True,0.200000,-0.300000,-1780.539917,-3087.020020,18.760000,729.660950,954.820984,1.001000,0.001670,-0.002155,0.435089,0.900383,-0.020610,-0.010010,-0.697610,-1735.119995,-3184.000000,141.389999,523.640991,622.070984,-69.831001,0.597684,0.162932,0.061822,0.782564,1.406410,-0.388310,-0.316310
381,True,True,0.200000,-0.300000,-1774.359985,-3079.020020,18.770000,741.870972,959.400940,0.881000,0.001578,-0.002161,0.432478,0.901640,-0.017910,-0.008610,-0.696210,-1730.760010,-3178.819824,140.759995,523.500977,621.910950,-75.221001,0.602372,0.160515,0.062712,0.779391,1.406410,-0.388310,-0.316310
382,True,True,0.200000,-0.300000,-1768.079956,-3070.989990,18.779999,754.080933,963.810974,0.761000,0.001502,-0.002166,0.429867,0.902888,-0.015510,-0.007410,-0.694810,-1726.399902,-3173.639893,140.089996,523.360962,621.750977,-80.611000,0.607038,0.158087,0.063597,0.776188,1.406410,-0.388310,-0.316310
383,True,True,0.200000,-0.300000,-1761.689941,-3062.919922,18.789999,766.290955,968.050964,0.641000,0.001432,-0.002171,0.427256,0.904127,-0.013510,-0.006310,-0.693410,-1722.039917,-3168.459961,139.369995,523.220947,621.590942,-86.000999,0.611678,0.155654,0.064482,0.772958,1.406410,-0.388310,-0.316310
384,True,True,0.200000,-0.300000,-1755.199951,-3054.819824,18.789999,778.500977,972.120972,0.521000,0.001373,-0.002177,0.424645,0.905356,-0.011710,-0.005410,-0.692010,-1717.679932,-3163.280029,138.610001,523.080994,621.430969,-91.390999,0.616296,0.153216,0.065361,0.769696,1.406410,-0.388310,-0.316310
385,True,True,0.200000,-0.300000,-1748.609985,-3046.689941,18.789999,790.710938,976.010925,0.441000,0.001319,-0.002182,0.422039,0.906574,-0.010210,-0.004610,-0.690510,-1713.319946,-3158.099854,137.800003,522.940979,621.270935,-96.780998,0.620892,0.150772,0.066240,0.766403,1.406410,-0.388310,-0.316310
386,True,True,0.200000,-0.300000,-1741.919922,-3038.520020,18.789999,802.920959,979.740967,0.381000,0.001270,-0.002188,0.419434,0.907783,-0.008910,-0.003910,-0.689010,-1708.959961,-3152.919922,136.949997,522.800964,621.110962,-102.170998,0.625462,0.148322,0.067120,0.763081,1.406410,-0.388310,-0.316310
387,True,True,0.200000,-0.300000,-1735.130005,-3030.329834,18.789999,815.130981,983.300964,0.341000,0.001227,-0.002188,0.416833,0.908980,-0.007810,-0.003310,-0.687410,-1704.599976,-3147.739990,136.050003,522.660950,620.950989,-107.560997,0.630009,0.145868,0.067994,0.759729,1.406410,-0.388310,-0.316310
388,True,True,0.200000,-0.300000,-1728.239990,-3022.109863,18.789999,827.330933,986.700928,0.321000,0.001190,-0.002188,0.414233,0.910167,-0.006810,-0.002810,-0.685710,-1700.250000,-3142.569824,135.110001,522.520935,620.790955,-112.950996,0.634530,0.143408,0.068868,0.756348,1.406410,-0.388310,-0.316310
389,True,True,0.200000,-0.300000,-1721.239990,-3013.859863,18.789999,839.520935,989.930969,0.311000,0.001157,-0.002188,0.411638,0.911344,-0.005810,-0.002410,-0.683910,-1695.899902,-3137.399902,134.119995,522.380981,620.630981,-118.330994,0.639030,0.140942,0.069736,0.752936,1.406410,-0.388310,-0.316310
390,False,False,1.000000,-0.700000,-1714.159912,-3005.669922,18.789999,849.410950,983.190979,0.251000,0.001130,-0.002188,0.408531,0.912741,-0.004610,-0.001510,-0.818210,-1691.549927,-3132.229980,133.089996,522.240967,620.470947,-123.710999,0.643502,0.138471,0.070605,0.749497,1.406410,-0.388310,-0.316310
391,False,False,1.000000,-0.700000,-1707.000000,-2997.530029,18.789999,858.750977,976.930969,0.221000,0.001103,-0.002188,0.405013,0.914308,-0.003710,-0.001010,-0.924610,-1687.199951,-3127.059814,132.009995,522.100952,620.310974,-129.091003,0.647947,0.135995,0.071468,0.746031,1.406410,-0.388310,-0.316310
392,False,False,1.000000,-0.700000,-1699.770020,-2989.439941,18.789999,867.940979,970.730957,0.201000,0.001082,-0.002188,0.401140,0.916014,-0.003010,-0.000810,-1.015710,-1682.849976,-3121.889893,130.889999,521.960938,620.150940,-134.471008,0.652371,0.133514,0.072331,0.742532,1.406410,-0.388310,-0.316310
393,False,False,1.000000,-0.700000,-1692.459961,-2981.399902,18.789999,877.090942,964.460938,0.181000,0.001060,-0.002193,0.396959,0.917833,-0.002510,-0.000710,-1.093610,-1678.500000,-3116.719971,129.720001,521.820984,619.990967,-139.850998,0.656768,0.131027,0.073189,0.739007,1.406410,-0.388310,-0.316310
394,False,False,1.000000,-0.700000,-1685.069946,-2973.419922,18.789999,886.280945,958.030945,0.171000,0.001038,-0.002198,0.392519,0.919741,-0.002210,-0.000610,-1.160310,-1674.149902,-3111.550049,128.509995,521.680969,619.830933,-145.231003,0.661138,0.128534,0.074047,0.735454,1.406410,-0.388310,-0.316310
395,False,False,1.000000,-0.700000,-1677.609985,-2965.489990,18.789999,895.560974,951.360962,0.161000,0.001017,-0.002204,0.387847,0.921721,-0.001910,-0.000510,-1.217410,-1669.799927,-3106.389893,127.250000,521.540955,619.670959,-150.611008,0.665486,0.126036,0.074899,0.731870,1.406410,-0.388310,-0.316310
396,False,False,1.000000,-0.700000,-1670.069946,-2957.619873,18.789999,904.960938,944.400940,0.161000,0.000995,-0.002209,0.382981,0.923753,-0.001710,-0.000510,-1.266310,-1665.449951,-3101.229980,125.949997,521.400940,619.510986,-155.981003,0.669807,0.123533,0.075746,0.728259,1.406410,-0.388310,-0.316310
397,False,False,1.000000,-0.700000,-1662.449951,-2949.809814,18.789999,914.510986,937.110962,0.161000,0.000979,-0.002215,0.377942,0.925826,-0.001510,-0.000410,-1.308310,-1661.109985,-3096.069824,124.610001,521.260986,619.350952,-161.350998,0.674101,0.121025,0.076593,0.724620,1.406410,-0.388310,-0.316310
398,False,False,1.000000,-0.700000,-1654.750000,-2942.059814,18.789999,924.210938,929.470947,0.161000,0.000963,-0.002220,0.372752,0.927928,-0.001410,-0.000410,-1.344310,-1656.770020,-3090.909912,123.219994,521.120972,619.190979,-166.721008,0.678369,0.118511,0.077435,0.720954,1.406410,-0.388310,-0.316310
399,False,False,1.000000,-0.700000,-1646.969971,-2934.379883,18.789999,934.050964,921.460938,0.161000,0.000947,-0.002225,0.367428,0.930049,-0.001310,-0.000410,-1.375310,-1652.429932,-3085.750000,121.790001,520.980957,619.030945,-172.091003,0.682609,0.115997,0.078276,0.717261,1.406410,-0.388310,-0.316310
400,False,False,1.000000,-0.700000,-1639.099976,-2926.770020,18.789999,944.030945,913.070984,0.161000,0.000931,-0.002231,0.361989,0.932179,-0.001210,-0.000410,-1.402010,-1648.089966,-3080.589844,120.309998,520.840942,618.870972,-177.460999,0.686828,0.113477,0.079112,0.713535,1.406410,-0.388310,-0.316310
401,False,False,1.000000,-0.700000,-1631.150024,-2919.229980,18.789999,954.130981,904.300964,0.161000,0.000914,-0.002236,0.356449,0.934312,-0.001110,-0.000410,-1.425110,-1643.750000,-3075.429932,118.790001,520.700989,618.710938,-182.831009,0.691019,0.110953,0.079949,0.709782,1.406410,-0.388310,-0.316310
402,False,False,1.000000,-0.700000,-1623.109985,-2911.770020,18.789999,964.330933,895.150940,0.161000,0.000898,-0.002242,0.350817,0.936441,-0.001110,-0.000410,-1.445110,-1639.409912,-3070.280029,117.219994,520.560974,618.550964,-188.201004,0.695184,0.108422,0.080779,0.706002,1.406410,-0.388310,-0.316310
403,False,False,1.000000,-0.700000,-1614.989990,-2904.389893,18.789999,974.620972,885.630981,0.161000,0.000882,-0.002247,0.345104,0.938561,-0.001110,-0.000410,-1.462410,-1635.069946,-3065.129883,115.610001,520.420959,618.390991,-193.561005,0.699322,0.105887,0.081610,0.702194,1.406410,-0.388310,-0.316310
404,False,False,1.000000,-0.700000,-1606.779907,-2897.089844,18.789999,984.970947,875.750977,0.161000,0.000866,-0.002252,0.339320,0.940668,-0.001010,-0.000410,-1.477410,-1630.729980,-3059.979980,113.949997,520.280945,618.230957,-198.921005,0.703430,0.103351,0.082436,0.698362,1.406410,-0.388310,-0.316310
405,False,False,1.000000,-0.700000,-1598.489990,-2889.879883,18.789999,995.370972,865.520935,0.161000,0.000850,-0.002258,0.333473,0.942757,-0.001010,-0.000310,-1.490410,-1626.400024,-3054.829834,112.250000,520.140991,618.070984,-204.281006,0.707509,0.100810,0.083256,0.694504,1.406410,-0.388310,-0.316310
406,False,False,1.000000,-0.700000,-1590.109985,-2882.760010,18.789999,1005.800964,854.940979,0.161000,0.000833,-0.002263,0.327565,0.944825,-0.001010,-0.000310,-1.501710,-1622.069946,-3049.679932,110.500000,520.000977,617.910950,-209.641006,0.711561,0.098264,0.084076,0.690620,1.406410,-0.388310,-0.316310
407,False,False,1.000000,-0.700000,-1581.640015,-2875.729980,18.789999,1016.230957,844.030945,0.161000,0.000817,-0.002269,0.321609,0.946869,-0.000910,-0.000310,-1.511610,-1617.739990,-3044.530029,108.709999,519.860962,617.750977,-215.001007,0.715586,0.095712,0.084890,0.686709,1.406410,-0.388310,-0.316310
408,False,False,1.000000,-0.700000,-1573.079956,-2868.790039,18.789999,1026.651001,832.800964,0.161000,0.000801,-0.002274,0.315605,0.948888,-0.000910,-0.000310,-1.520210,-1613.409912,-3039.379883,106.869995,519.720947,617.590942,-220.361008,0.719583,0.093160,0.085705,0.682771,1.406410,-0.388310,-0.316310
409,False,False,1.000000,-0.700000,-1564.439941,-2861.949951,18.789999,1037.050903,821.270935,0.161000,0.000785,-0.002279,0.309557,0.950878,-0.000910,-0.000310,-1.527710,-1609.079956,-3034.229980,104.989998,519.580994,617.430969,-225.721008,0.723553,0.090603,0.086514,0.678806,1.406410,-0.388310,-0.316310
410,False,False,1.000000,-0.700000,-1555.709961,-2855.199951,18.789999,1047.401001,809.440979,0.161000,0.000769,-0.002285,0.303472,0.952837,-0.000910,-0.000210,-1.534310,-1604.750000,-3029.089844,103.059998,519.440979,617.270935,-231.081009,0.727497,0.088041,0.087318,0.674813,1.406410,-0.388310,-0.316310
411,False,False,1.000000,-0.700000,-1546.900024,-2848.559814,18.789999,1057.690918,797.330933,0.161000,0.000753,-0.002290,0.297354,0.954764,-0.000810,-0.000210,-1.540010,-1600.419922,-3023.949951,101.089996,519.300964,617.110962,-236.431000,0.731412,0.085478,0.088122,0.670794,1.406410,-0.388310,-0.316310
412,False,False,1.000000,-0.700000,-1538.000000,-2842.020020,18.789999,1067.911011,784.950989,0.161000,0.000736,-0.002295,0.291204,0.956658,-0.000810,-0.000210,-1.545010,-1596.089966,-3018.809814,99.079994,519.160950,616.950989,-241.781006,0.735300,0.082910,0.088920,0.666748,1.406410,-0.388310,-0.316310
413,False,False,1.000000,-0.700000,-1529.020020,-2835.579834,18.789999,1078.040894,772.310974,0.161000,0.000720,-0.002301,0.285022,0.958518,-0.000810,-0.000210,-1.549410,-1591.760010,-3013.669922,97.019997,519.020935,616.790955,-247.130997,0.739161,0.080342,0.089713,0.662675,1.406410,-0.388310,-0.316310
414,False,False,1.000000,-0.700000,-1519.949951,-2829.250000,18.789999,1088.080933,759.420959,0.161000,0.000704,-0.002306,0.278812,0.960343,-0.000810,-0.000110,-1.553210,-1587.439941,-3008.530029,94.919998,518.880981,616.630981,-252.481003,0.742989,0.077769,0.090506,0.658580,1.406410,-0.388310,-0.316310
415,False,False,1.000000,-0.700000,-1510.799927,-2823.030029,18.789999,1098.010986,746.290955,0.161000,0.000688,-0.002312,0.272576,0.962131,-0.000810,-0.000110,-1.556510,-1583.119995,-3003.389893,92.769997,518.740967,616.470947,-257.830994,0.746790,0.075190,0.091294,0.654459,1.406410,-0.388310,-0.316310
416,False,False,1.000000,-0.700000,-1501.569946,-2816.919922,18.789999,1107.820923,732.940979,0.161000,0.000672,-0.002317,0.266318,0.963882,-0.000810,-0.000110,-1.559410,-1579.529907,-2999.229980,94.059998,431.311005,498.980988,154.651001,0.742673,0.080353,0.083628,0.659535,-1.808110,2.003410,-0.316310
417,False,False,1.000000,-0.700000,-1492.260010,-2810.919922,18.789999,1117.500977,719.370972,0.161000,0.000655,-0.002322,0.260038,0.965595,-0.000710,0.000000,-1.562010,-1575.939941,-2995.069824,95.299995,431.200989,498.850983,149.191010,0.738462,0.085505,0.075951,0.664525,-1.808110,2.003410,-0.316310
418,False,False,1.000000,-0.700000,-1482.869995,-2805.040039,18.789999,1127.040894,705.590942,0.161000,0.000639,-0.002328,0.253737,0.967270,-0.000710,0.000000,-1.564210,-1572.349976,-2990.909912,96.500000,431.091003,498.721008,143.731003,0.734153,0.090646,0.068263,0.669435,-1.808110,2.003410,-0.316310
419,False,False,1.000000,-0.700000,-1473.400024,-2799.280029,18.789999,1136.440918,691.600952,0.161000,0.000623,-0.002333,0.247420,0.968905,-0.000710,0.000000,-1.566110,-1568.760010,-2986.750000,97.650002,430.980988,498.591003,138.271011,0.729750,0.095777,0.060565,0.674258,-1.808110,2.003410,-0.316310
420,False,False,0.500000,-0.400000,-1463.869995,-2793.609863,18.789999,1143.570923,680.210938,0.161000,0.000602,-0.002339,0.241486,0.970401,-0.001110,-0.000210,-1.469210,-1565.169922,-2982.599854,98.759995,430.871002,498.460999,132.811005,0.725254,0.100891,0.052861,0.678994,-1.808110,2.003410,-0.316310
421,False,False,0.500000,-0.400000,-1454.279907,-2788.040039,18.789999,1150.800903,668.230957,0.161000,0.000585,-0.002344,0.235859,0.971784,-0.001210,-0.000210,-1.390010,-1561.579956,-2978.449951,99.820000,430.760986,498.330994,127.361000,0.720664,0.105995,0.045147,0.683645,-1.808110,2.003410,-0.316310
422,False,False,0.500000,-0.400000,-1444.630005,-2782.569824,18.789999,1157.980957,655.950989,0.161000,0.000569,-0.002349,0.230502,0.973069,-0.001210,-0.000210,-1.322610,-1557.989990,-2974.300049,100.839996,430.651001,498.200989,121.910995,0.715985,0.111087,0.037427,0.688203,-1.808110,2.003410,-0.316310
423,False,False,0.500000,-0.400000,-1434.919922,-2777.209961,18.789999,1165.050903,643.510986,0.161000,0.000553,-0.002349,0.225371,0.974270,-0.001110,-0.000110,-1.265010,-1554.400024,-2970.149902,101.809998,430.540985,498.070984,116.460999,0.711213,0.116164,0.029701,0.692676,-1.808110,2.003410,-0.316310
424,False,False,0.500000,-0.400000,-1425.150024,-2771.949951,18.789999,1171.970947,631.020935,0.161000,0.000537,-0.002349,0.220435,0.975399,-0.001010,-0.000110,-1.215710,-1550.809937,-2966.000000,102.739998,430.431000,497.941010,111.010994,0.706353,0.121224,0.021976,0.697056,-1.808110,2.003410,-0.316310
425,False,False,0.500000,-0.400000,-1415.329956,-2766.800049,18.789999,1178.710938,618.540955,0.161000,0.000521,-0.002349,0.215666,0.976464,-0.000810,-0.000110,-1.173310,-1547.219971,-2961.849854,103.619995,430.320984,497.811005,105.560997,0.701399,0.126268,0.014245,0.701351,-1.808110,2.003410,-0.316310
426,False,False,0.500000,-0.400000,-1405.449951,-2761.750000,18.789999,1185.260986,606.140991,0.161000,0.000504,-0.002349,0.211037,0.977475,-0.000610,-0.000110,-1.136810,-1543.630005,-2957.699951,104.449997,430.210999,497.681000,100.111000,0.696355,0.131296,0.006514,0.705556,-1.808110,2.003410,-0.316310
427,False,False,0.500000,-0.400000,-1395.520020,-2756.800049,18.789999,1191.610962,593.850952,0.161000,0.000494,-0.002349,0.206532,0.978437,-0.000410,-0.000110,-1.105210,-1540.049927,-2953.550049,105.239998,430.100983,497.550995,94.660995,0.691224,0.136308,-0.001217,0.709667,-1.808110,2.003410,-0.316310
428,False,False,0.500000,-0.400000,-1385.539917,-2751.949951,18.789999,1197.760986,581.710938,0.161000,0.000483,-0.002349,0.202136,0.979355,-0.000310,-0.000110,-1.077910,-1536.469971,-2949.399902,105.979996,429.990997,497.420990,89.221001,0.686002,0.141304,-0.008947,0.713691,-1.808110,2.003410,-0.316310
429,False,False,0.500000,-0.400000,-1375.510010,-2747.199951,18.789999,1203.710938,569.720947,0.161000,0.000472,-0.002349,0.197831,0.980233,-0.000210,-0.000110,-1.054210,-1532.890015,-2945.260010,106.680000,429.881012,497.290985,83.780998,0.680694,0.146283,-0.016678,0.717620,-1.808110,2.003410,-0.316310
430,False,False,0.500000,-0.400000,-1365.429932,-2742.550049,18.789999,1209.460938,557.900940,0.161000,0.000461,-0.002349,0.193607,0.981076,-0.000110,-0.000110,-1.033610,-1529.309937,-2941.119873,107.329994,429.770996,497.161011,78.340996,0.675299,0.151241,-0.024409,0.721458,-1.808110,2.003410,-0.316310
431,False,False,0.500000,-0.400000,-1355.299927,-2738.000000,18.789999,1215.020996,546.250977,0.161000,0.000450,-0.002349,0.189453,0.981887,-0.000110,-0.000110,-1.015710,-1525.729980,-2936.979980,107.939995,429.661011,497.031006,72.901001,0.669818,0.156177,-0.032134,0.725204,-1.808110,2.003410,-0.316310
432,False,False,0.500000,-0.400000,-1345.130005,-2733.540039,18.789999,1220.390991,534.770935,0.161000,0.000440,-0.002349,0.185358,0.982668,0.000000,-0.000110,-1.000110,-1522.150024,-2932.839844,108.500000,429.550995,496.901001,67.460999,0.664250,0.161097,-0.039854,0.728856,-1.808110,2.003410,-0.316310
433,False,False,0.500000,-0.400000,-1334.919922,-2729.179932,18.789999,1225.590942,523.460938,0.161000,0.000429,-0.002349,0.181317,0.983422,0.000000,-0.000110,-0.986510,-1518.569946,-2928.699951,109.019997,429.441010,496.770996,62.021000,0.658597,0.165996,-0.047569,0.732416,-1.808110,2.003410,-0.316310
434,False,False,0.500000,-0.400000,-1324.659912,-2724.909912,18.789999,1230.620972,512.310974,0.161000,0.000418,-0.002349,0.177320,0.984150,0.000000,-0.000110,-0.974610,-1514.989990,-2924.559814,109.489998,429.330994,496.640991,56.580997,0.652857,0.170873,-0.055278,0.735884,-1.808110,2.003410,-0.316310
435,False,False,0.500000,-0.400000,-1314.359985,-2720.729980,18.789999,1235.490967,501.300995,0.161000,0.000407,-0.002349,0.173365,0.984855,0.000000,-0.000210,-0.964210,-1511.409912,-2920.419922,109.919998,429.221008,496.510986,51.140999,0.647035,0.175728,-0.062982,0.739255,-1.808110,2.003410,-0.316310
436,False,False,0.500000,-0.400000,-1304.020020,-2716.639893,18.789999,1240.210938,490.431000,0.161000,0.000397,-0.002355,0.169443,0.985537,0.000000,-0.000210,-0.955010,-1507.829956,-2916.280029,110.299995,429.110992,496.380981,45.710999,0.641128,0.180562,-0.070675,0.742534,-1.808110,2.003410,-0.316310
437,False,False,0.500000,-0.400000,-1293.650024,-2712.639893,18.789999,1244.781006,479.700989,0.161000,0.000386,-0.002355,0.165553,0.986198,0.000000,-0.000210,-0.947010,-1504.250000,-2912.139893,110.639999,429.001007,496.251007,40.280998,0.635140,0.185369,-0.078362,0.745718,-1.808110,2.003410,-0.316310
438,False,False,0.500000,-0.400000,-1283.239990,-2708.729980,18.789999,1249.210938,469.080994,0.161000,0.000375,-0.002355,0.161691,0.986839,0.000000,-0.000210,-0.939910,-1500.679932,-2908.010010,110.930000,428.890991,496.121002,34.850998,0.629071,0.190154,-0.086039,0.748805,-1.808110,2.003410,-0.316310
439,False,False,0.500000,-0.400000,-1272.789917,-2704.909912,18.789999,1253.510986,458.570984,0.161000,0.000364,-0.002355,0.157850,0.987460,0.000110,-0.000210,-0.933710,-1497.109985,-2903.879883,111.180000,428.781006,495.990997,29.421000,0.622921,0.194917,-0.093705,0.751795,-1.808110,2.003410,-0.316310
440,False,False,0.500000,-0.400000,-1262.309937,-2701.169922,18.789999,1257.690918,448.161011,0.161000,0.000353,-0.002355,0.154030,0.988063,0.000210,-0.000210,-0.928210,-1493.539917,-2899.750000,111.379997,428.670990,495.860992,23.990999,0.616690,0.199654,-0.101361,0.754691,-1.808110,2.003410,-0.316310
441,False,False,0.500000,-0.400000,-1251.799927,-2697.520020,18.789999,1261.750977,437.841003,0.161000,0.000348,-0.002355,0.150227,0.988649,0.000210,-0.000210,-0.923410,-1489.969971,-2895.619873,111.529999,428.561005,495.730988,18.560999,0.610383,0.204364,-0.109000,0.757487,-1.808110,2.003410,-0.316310
442,False,False,0.500000,-0.400000,-1241.250000,-2693.959961,18.789999,1265.690918,427.610992,0.161000,0.000337,-0.002355,0.146440,0.989217,0.000210,-0.000210,-0.919110,-1486.400024,-2891.489990,111.639999,428.450989,495.600983,13.131001,0.603996,0.209046,-0.116628,0.760189,-1.808110,2.003410,-0.316310
443,False,False,0.500000,-0.400000,-1230.669922,-2690.479980,18.789999,1269.531006,417.450989,0.161000,0.000332,-0.002355,0.142663,0.989768,0.000210,-0.000310,-0.915310,-1482.829956,-2887.359863,111.699997,428.341003,495.471008,7.711000,0.597533,0.213702,-0.124240,0.762791,-1.808110,2.003410,-0.316310
444,False,False,0.500000,-0.400000,-1220.059937,-2687.089844,18.789999,1273.260986,407.351013,0.161000,0.000321,-0.002360,0.138903,0.990303,0.000210,-0.000310,-0.911910,-1479.260010,-2883.229980,111.720001,428.230988,495.341003,2.291000,0.590994,0.218331,-0.131836,0.765295,-1.808110,2.003410,-0.316310
445,False,False,0.500000,-0.400000,-1209.419922,-2683.780029,18.789999,1276.890991,397.300995,0.161000,0.000316,-0.002366,0.135154,0.990822,0.000210,-0.000310,-0.908910,-1475.689941,-2879.099854,111.689995,428.121002,495.210999,-3.121000,0.584380,0.222933,-0.139416,0.767701,-1.808110,2.003410,-0.316310
446,False,False,0.500000,-0.400000,-1198.750000,-2680.550049,18.789999,1280.420898,387.300995,0.161000,0.000305,-0.002366,0.131410,0.991325,0.000210,-0.000310,-0.906310,-1472.119995,-2874.969971,111.619995,428.010986,495.080994,-8.531000,0.577690,0.227508,-0.146974,0.770008,-1.808110,2.003410,-0.316310
447,False,False,0.500000,-0.400000,-1188.049927,-2677.409912,18.789999,1283.860962,377.351013,0.161000,0.000299,-0.002366,0.127676,0.991813,0.000210,-0.000310,-0.903910,-1468.549927,-2870.849854,111.500000,427.901001,494.950989,-13.941000,0.570925,0.232050,-0.154516,0.772219,-1.808110,2.003410,-0.316310
448,False,False,0.500000,-0.400000,-1177.319946,-2674.349854,18.789999,1287.200928,367.431000,0.161000,0.000289,-0.002366,0.123949,0.992286,0.000210,-0.000310,-0.901810,-1464.979980,-2866.729980,111.339996,427.790985,494.820984,-19.351000,0.564085,0.236565,-0.162036,0.774332,-1.808110,2.003410,-0.316310
449,False,False,0.500000,-0.400000,-1166.569946,-2671.369873,18.789999,1290.450928,357.540985,0.161000,0.000283,-0.002366,0.120226,0.992744,0.000210,-0.000310,-0.899910,-1461.419922,-2862.609863,111.129997,427.681000,494.691010,-24.761000,0.557174,0.241049,-0.169535,0.776344,-1.808110,2.003410,-0.316310
450,False,False,0.000000,0.000000,-1155.839966,-2668.449951,18.789999,1287.580933,350.860992,0.161000,0.000272,-0.002371,0.117043,0.993124,-0.000310,-0.000610,-0.768710,-1457.859985,-2858.489990,110.879997,427.570984,494.561005,-30.171000,0.550193,0.245505,-0.177012,0.778256,-1.808110,2.003410,-0.316310
451,False,False,0.000000,0.000000,-1145.130005,-2665.589844,18.789999,1284.781006,343.740997,0.161000,0.000262,-0.002376,0.114319,0.993441,-0.000510,-0.000710,-0.658010,-1454.299927,-2854.369873,110.579994,427.460999,494.431000,-35.580997,0.543142,0.249928,-0.184468,0.780067,-1.808110,2.003410,-0.316310
452,False,False,0.000000,0.000000,-1134.449951,-2662.790039,18.789999,1281.990967,336.431000,0.161000,0.000251,-0.002382,0.111983,0.993707,-0.000510,-0.000710,-0.564710,-1450.739990,-2850.250000,110.239998,427.350983,494.300995,-40.980999,0.536021,0.254320,-0.191902,0.781778,-1.808110,2.003410,-0.316310
453,False,False,0.000000,0.000000,-1123.789917,-2660.050049,18.789999,1279.160889,329.140991,0.161000,0.000245,-0.002387,0.109971,0.993932,-0.000410,-0.000610,-0.485610,-1447.179932,-2846.129883,109.849998,427.240997,494.170990,-46.380997,0.528830,0.258679,-0.199309,0.783390,-1.808110,2.003410,-0.316310
454,False,False,0.000000,0.000000,-1113.150024,-2657.369873,18.789999,1276.270996,322.001007,0.161000,0.000240,-0.002387,0.108239,0.994122,-0.000310,-0.000510,-0.418310,-1443.619995,-2842.010010,109.419998,427.131012,494.040985,-51.780998,0.521574,0.263005,-0.206694,0.784899,-1.808110,2.003410,-0.316310
455,False,False,0.000000,0.000000,-1102.539917,-2654.739990,18.789999,1273.300903,315.101013,0.161000,0.000235,-0.002387,0.106745,0.994284,-0.000210,-0.000410,-0.360910,-1440.059937,-2837.889893,108.939995,427.020996,493.911011,-57.181000,0.514247,0.267294,-0.214053,0.786311,-1.808110,2.003410,-0.316310
456,False,False,0.000000,0.000000,-1091.949951,-2652.169922,18.789999,1270.250977,308.520996,0.161000,0.000229,-0.002387,0.105455,0.994421,-0.000110,-0.000410,-0.311810,-1436.500000,-2833.770020,108.419998,426.911011,493.781006,-62.580997,0.506857,0.271551,-0.221379,0.787622,-1.808110,2.003410,-0.316310
457,False,False,0.000000,0.000000,-1081.390015,-2649.649902,18.789999,1267.110962,302.290985,0.161000,0.000224,-0.002387,0.104338,0.994539,0.000000,-0.000410,-0.269710,-1432.939941,-2829.659912,107.849998,426.800995,493.651001,-67.980995,0.499401,0.275775,-0.228678,0.788830,-1.808110,2.003410,-0.316310
458,False,False,0.000000,0.000000,-1070.859985,-2647.179932,18.789999,1263.880981,296.431000,0.161000,0.000224,-0.002387,0.103373,0.994640,0.000110,-0.000410,-0.233510,-1429.380005,-2825.550049,107.239998,426.691010,493.520996,-73.380997,0.491881,0.279961,-0.235950,0.789938,-1.808110,2.003410,-0.316310
459,False,False,0.000000,0.000000,-1060.359985,-2644.750000,18.789999,1260.560913,290.950989,0.161000,0.000224,-0.002387,0.102537,0.994726,0.000110,-0.000410,-0.202410,-1425.819946,-2821.439941,106.579994,426.580994,493.390991,-78.770996,0.484295,0.284110,-0.243190,0.790947,-1.808110,2.003410,-0.316310
460,False,False,0.000000,0.000000,-1049.880005,-2642.369873,18.789999,1257.151001,285.841003,0.161000,0.000224,-0.002387,0.101808,0.994801,0.000110,-0.000410,-0.175610,-1422.270020,-2817.329834,105.879997,426.471008,493.260986,-84.160995,0.476651,0.288226,-0.250398,0.791853,-1.808110,2.003410,-0.316310
461,False,False,0.000000,0.000000,-1039.429932,-2640.030029,18.789999,1253.660889,281.101013,0.161000,0.000224,-0.002387,0.101177,0.994866,0.000110,-0.000410,-0.152410,-1418.719971,-2813.219971,105.129997,426.360992,493.130981,-89.550995,0.468947,0.292305,-0.257573,0.792656,-1.808110,2.003410,-0.316310
462,False,False,0.000000,0.000000,-1029.010010,-2637.719971,18.789999,1250.090942,276.710999,0.161000,0.000224,-0.002387,0.100627,0.994921,0.000110,-0.000410,-0.132410,-1415.169922,-2809.109863,104.339996,426.251007,493.001007,-94.940994,0.461179,0.296345,-0.264716,0.793360,-1.808110,2.003410,-0.316310
463,False,False,0.000000,0.000000,-1018.619995,-2635.449951,18.789999,1246.450928,272.651001,0.161000,0.000224,-0.002387,0.100152,0.994969,0.000110,-0.000410,-0.115110,-1411.619995,-2805.000000,103.500000,426.140991,492.871002,-100.330994,0.453351,0.300348,-0.271826,0.793961,-1.808110,2.003410,-0.316310
464,False,False,0.000000,0.000000,-1008.259949,-2633.209961,18.789999,1242.740967,268.901001,0.161000,0.000224,-0.002387,0.099737,0.995011,0.000110,-0.000410,-0.100110,-1408.069946,-2800.889893,102.619995,426.031006,492.740997,-105.721001,0.445469,0.304314,-0.278904,0.794458,-1.808110,2.003410,-0.316310
465,False,False,0.000000,0.000000,-997.940002,-2631.000000,18.789999,1238.970947,265.431000,0.161000,0.000224,-0.002387,0.099375,0.995047,0.000110,-0.000410,-0.087110,-1404.520020,-2796.780029,101.689995,425.920990,492.610992,-111.111000,0.437528,0.308236,-0.285944,0.794856,-1.808110,2.003410,-0.316310
466,False,False,0.000000,0.000000,-987.649963,-2628.810059,18.789999,1235.151001,262.230988,0.161000,0.000224,-0.002387,0.099062,0.995078,0.000110,-0.000410,-0.075910,-1400.969971,-2792.679932,100.720001,425.811005,492.480988,-116.490997,0.429533,0.312120,-0.292947,0.795151,-1.808110,2.003410,-0.316310
467,False,False,0.000000,0.000000,-977.389954,-2626.649902,18.789999,1231.281006,259.270996,0.161000,0.000224,-0.002387,0.098787,0.995106,0.000110,-0.000410,-0.066110,-1397.419922,-2788.579834,99.699997,425.700989,492.350983,-121.870995,0.421478,0.315966,-0.299911,0.795346,-1.808110,2.003410,-0.316310
468,False,False,0.000000,0.000000,-967.159973,-2624.510010,18.789999,1227.360962,256.531006,0.161000,0.000224,-0.002387,0.098550,0.995129,0.000110,-0.000410,-0.057610,-1393.869995,-2784.479980,98.639999,425.591003,492.221008,-127.250999,0.413370,0.319770,-0.306838,0.795439,-1.808110,2.003410,-0.316310
469,False,False,0.000000,0.000000,-956.959961,-2622.389893,18.789999,1223.401001,254.001007,0.161000,0.000224,-0.002387,0.098339,0.995150,0.000110,-0.000410,-0.050210,-1390.319946,-2780.379883,97.529999,425.480988,492.091003,-132.630997,0.405213,0.323530,-0.313727,0.795428,-1.808110,2.003410,-0.316310
470,False,False,0.000000,0.000000,-946.799988,-2620.290039,18.789999,1219.401001,251.651001,0.161000,0.000224,-0.002387,0.098156,0.995168,0.000110,-0.000410,-0.043810,-1386.780029,-2776.280029,96.379997,425.371002,491.960999,-138.011002,0.397002,0.327252,-0.320574,0.795316,-1.808110,2.003410,-0.316310
471,False,False,0.000000,0.000000,-936.669983,-2618.209961,18.789999,1215.370972,249.460999,0.161000,0.000224,-0.002387,0.098000,0.995184,0.000110,-0.000410,-0.038210,-1383.239990,-2772.179932,95.189995,425.260986,491.830994,-143.391006,0.388742,0.330932,-0.327382,0.795100,-1.808110,2.003410,-0.316310
472,False,False,0.000000,0.000000,-926.579956,-2616.149902,18.789999,1211.310913,247.431000,0.161000,0.000224,-0.002387,0.097859,0.995197,0.000110,-0.000410,-0.033310,-1379.699951,-2768.079834,93.949997,425.151001,491.700989,-148.771011,0.380429,0.334568,-0.334147,0.794786,-1.808110,2.003410,-0.316310
473,False,False,0.000000,0.000000,-916.519958,-2614.099854,18.789999,1207.220947,245.531006,0.161000,0.000224,-0.002387,0.097741,0.995209,0.000110,-0.000410,-0.029110,-1376.159912,-2763.979980,92.669998,425.040985,491.570984,-154.141006,0.372067,0.338161,-0.340869,0.794369,-1.808110,2.003410,-0.316310
474,False,False,0.000000,0.000000,-906.489990,-2612.069824,18.789999,1203.110962,243.751007,0.161000,0.000224,-0.002387,0.097633,0.995220,0.000110,-0.000410,-0.025410,-1373.059937,-2760.469971,93.439995,372.390991,420.600983,92.460999,0.355133,0.343663,-0.352457,0.794701,-3.748810,3.442710,-0.316310
475,False,False,0.000000,0.000000,-896.500000,-2610.050049,18.789999,1198.980957,242.070999,0.161000,0.000224,-0.002387,0.097541,0.995229,0.000110,-0.000410,-0.022210,-1369.959961,-2756.969971,94.169998,372.290985,420.490997,87.020996,0.338037,0.349010,-0.363889,0.794675,-3.748810,3.442710,-0.316310
476,False,False,0.000000,0.000000,-886.539978,-2608.050049,18.789999,1194.830933,240.490997,0.161000,0.000224,-0.002387,0.097460,0.995237,0.000110,-0.000410,-0.019410,-1366.859985,-2753.469971,94.849998,372.191010,420.381012,81.581001,0.320789,0.354199,-0.375153,0.794290,-3.748810,3.442710,-0.316310
477,False,False,0.000000,0.000000,-876.619995,-2606.060059,18.789999,1190.661011,238.990997,0.161000,0.000224,-0.002387,0.097390,0.995243,0.000110,-0.000410,-0.016910,-1363.760010,-2749.969971,95.479996,372.091003,420.270996,76.140999,0.303396,0.359233,-0.386250,0.793545,-3.748810,3.442710,-0.316310
478,False,False,0.000000,0.000000,-866.729980,-2604.079834,18.789999,1186.480957,237.570999,0.161000,0.000224,-0.002387,0.097331,0.995249,0.000110,-0.000410,-0.014710,-1360.659912,-2746.469971,96.070000,371.990997,420.161011,70.700996,0.285869,0.364099,-0.397169,0.792444,-3.748810,3.442710,-0.316310
479,False,False,0.000000,0.000000,-856.880005,-2602.109863,18.789999,1182.281006,236.221008,0.161000,0.000224,-0.002387,0.097277,0.995255,0.000110,-0.000410,-0.012810,-1357.559937,-2742.969971,96.610001,371.890991,420.050995,65.261002,0.268211,0.368803,-0.407910,0.790984,-3.748810,3.442710,-0.316310
480,False,False,0.000000,0.000000,-847.059998,-2600.149902,18.789999,1178.070923,234.931000,0.161000,0.000224,-0.002387,0.097228,0.995259,0.000110,-0.000410,-0.011210,-1354.459961,-2739.469971,97.110001,371.790985,419.941010,59.820999,0.250430,0.373340,-0.418468,0.789168,-3.748810,3.442710,-0.316310
481,False,False,0.000000,0.000000,-837.279968,-2598.199951,18.789999,1173.850952,233.690994,0.161000,0.000224,-0.002387,0.097185,0.995263,0.000110,-0.000410,-0.009810,-1351.359985,-2735.969971,97.559998,371.691010,419.830994,54.380997,0.232536,0.377710,-0.428837,0.786995,-3.748810,3.442710,-0.316310
482,False,False,0.000000,0.000000,-827.529968,-2596.260010,18.789999,1169.620972,232.501007,0.161000,0.000224,-0.002387,0.097147,0.995267,0.000110,-0.000410,-0.008510,-1348.260010,-2732.469971,97.970001,371.591003,419.721008,48.951000,0.214538,0.381907,-0.439011,0.784467,-3.748810,3.442710,-0.316310
483,False,False,0.000000,0.000000,-817.820007,-2594.329834,18.789999,1165.380981,231.350998,0.161000,0.000224,-0.002387,0.097115,0.995270,0.000110,-0.000410,-0.007410,-1345.159912,-2728.969971,98.329994,371.490997,419.610992,43.521000,0.196444,0.385932,-0.448986,0.781587,-3.748810,3.442710,-0.316310
484,False,False,0.000000,0.000000,-808.139954,-2592.409912,18.789999,1161.140991,230.231003,0.161000,0.000224,-0.002387,0.097088,0.995273,0.000110,-0.000410,-0.006510,-1342.059937,-2725.469971,98.650002,371.390991,419.501007,38.091000,0.178264,0.389784,-0.458762,0.778350,-3.748810,3.442710,-0.316310
485,False,False,0.000000,0.000000,-798.500000,-2590.500000,18.789999,1156.890991,229.151001,0.161000,0.000224,-0.002387,0.097066,0.995275,0.000110,-0.000410,-0.005710,-1338.969971,-2721.969971,98.919998,371.290985,419.390991,32.660999,0.160002,0.393458,-0.468327,0.774765,-3.748810,3.442710,-0.316310
486,False,False,0.000000,0.000000,-788.889954,-2588.599854,18.789999,1152.630981,228.100998,0.161000,0.000224,-0.002387,0.097045,0.995277,0.000110,-0.000410,-0.005010,-1335.880005,-2718.479980,99.150002,371.191010,419.281006,27.230999,0.141665,0.396953,-0.477681,0.770830,-3.748810,3.442710,-0.316310
487,False,False,0.000000,0.000000,-779.320007,-2586.709961,18.789999,1148.370972,227.070999,0.161000,0.000224,-0.002387,0.097028,0.995279,0.000110,-0.000410,-0.004310,-1332.789917,-2714.989990,99.329994,371.091003,419.170990,21.800999,0.123264,0.400271,-0.486820,0.766548,-3.748810,3.442710,-0.316310
488,False,False,0.000000,0.000000,-769.789978,-2584.829834,18.789999,1144.100952,226.070999,0.161000,0.000224,-0.002387,0.097012,0.995280,0.000110,-0.000410,-0.003710,-1329.699951,-2711.500000,99.470001,370.990997,419.061005,16.370998,0.104808,0.403411,-0.495738,0.761918,-3.748810,3.442710,-0.316310
489,False,False,0.000000,0.000000,-760.289978,-2582.949951,18.789999,1139.830933,225.081009,0.161000,0.000224,-0.002387,0.097001,0.995281,0.000110,-0.000410,-0.003210,-1326.609985,-2708.010010,99.559998,370.890991,418.950989,10.951000,0.086304,0.406367,-0.504434,0.756943,-3.748810,3.442710,-0.316310
490,False,False,0.000000,0.000000,-750.829956,-2581.079834,18.789999,1135.560913,224.111008,0.161000,0.000224,-0.002387,0.096991,0.995282,0.000110,-0.000410,-0.002810,-1323.520020,-2704.520020,99.610001,370.790985,418.841003,5.531000,0.067762,0.409140,-0.512904,0.751626,-3.748810,3.442710,-0.316310
491,False,False,0.000000,0.000000,-741.399963,-2579.219971,18.789999,1131.281006,223.160995,0.161000,0.000224,-0.002387,0.096980,0.995283,0.000110,-0.000410,-0.002410,-1320.429932,-2701.030029,99.610001,370.691010,418.730988,0.111000,0.049187,0.411730,-0.521142,0.745969,-3.748810,3.442710,-0.316310
492,False,False,0.000000,0.000000,-732.010010,-2577.369873,18.789999,1127.000977,222.221008,0.161000,0.000224,-0.002387,0.096969,0.995284,0.000110,-0.000410,-0.002110,-1317.339966,-2697.540039,99.570000,370.591003,418.621002,-5.301000,0.030591,0.414130,-0.529143,0.739979,-3.748810,3.442710,-0.316310
493,False,False,0.000000,0.000000,-722.649963,-2575.530029,18.789999,1122.720947,221.291000,0.161000,0.000224,-0.002387,0.096964,0.995285,0.000110,-0.000410,-0.001810,-1314.250000,-2694.050049,99.479996,370.490997,418.510986,-10.711000,0.011985,0.416348,-0.536906,0.733651,-3.748810,3.442710,-0.316310
494,False,False,0.000000,0.000000,-713.329956,-2573.689941,18.789999,1118.440918,220.371002,0.161000,0.000224,-0.002387,0.096958,0.995286,0.000110,-0.000410,-0.001510,-1311.159912,-2690.560059,99.349998,370.390991,418.401001,-16.120998,-0.006628,0.418376,-0.544426,0.726992,-3.748810,3.442710,-0.316310
495,False,False,0.000000,0.000000,-704.049988,-2571.859863,18.789999,1114.151001,219.460999,0.161000,0.000224,-0.002387,0.096953,0.995286,0.000110,-0.000410,-0.001310,-1308.069946,-2687.069824,99.169998,370.290985,418.290985,-21.530998,-0.025240,0.420216,-0.551698,0.720007,-3.748810,3.442710,-0.316310
496,False,False,0.000000,0.000000,-694.799988,-2570.040039,18.789999,1109.860962,218.561005,0.161000,0.000224,-0.002387,0.096948,0.995287,0.000110,-0.000410,-0.001110,-1304.979980,-2683.579834,98.949997,370.191010,418.181000,-26.940998,-0.043841,0.421867,-0.558722,0.712696,-3.748810,3.442710,-0.316310
497,False,False,0.000000,0.000000,-685.589966,-2568.229980,18.789999,1105.570923,217.671005,0.161000,0.000224,-0.002387,0.096942,0.995287,0.000110,-0.000410,-0.000910,-1301.900024,-2680.099854,98.680000,370.091003,418.070984,-32.350998,-0.062421,0.423323,-0.565498,0.705062,-3.748810,3.442710,-0.316310
498,False,False,0.000000,0.000000,-676.409973,-2566.419922,18.789999,1101.281006,216.781006,0.161000,0.000224,-0.002387,0.096937,0.995288,0.000110,-0.000410,-0.000810,-1298.819946,-2676.619873,98.369995,369.990997,417.960999,-37.750999,-0.080973,0.424591,-0.572015,0.697111,-3.748810,3.442710,-0.316310
499,False,False,0.000000,0.000000,-667.269958,-2564.619873,18.789999,1096.990967,215.901001,0.161000,0.000224,-0.002387,0.096931,0.995288,0.000110,-0.000410,-0.000710,-1295.739990,-2673.139893,98.009995,369.890991,417.850983,-43.150997,-0.099489,0.425665,-0.578273,0.688848,-3.748810,3.442710,-0.316310
500,True,True,1.000000,0.300000,-658.039978,-2562.770020,18.789999,1107.880981,221.831009,0.201000,0.000224,-0.002387,0.097374,0.995245,-0.000310,-0.000210,0.106810,-1292.659912,-2669.659912,97.610001,369.790985,417.740997,-48.550999,-0.117960,0.426549,-0.584272,0.680270,-3.748810,3.442710,-0.316310
501,True,True,1.000000,0.300000,-648.719971,-2560.879883,18.789999,1118.810913,227.201004,0.231000,0.000224,-0.002387,0.098178,0.995166,-0.000510,-0.000110,0.194110,-1289.579956,-2666.179932,97.159996,369.691010,417.631012,-53.950996,-0.136378,0.427240,-0.590007,0.671386,-3.748810,3.442710,-0.316310
502,True,True,1.000000,0.300000,-639.309998,-2558.939941,18.789999,1129.690918,232.371002,0.251000,0.000224,-0.002387,0.099289,0.995056,-0.000510,0.000000,0.268010,-1286.500000,-2662.699951,96.669998,369.591003,417.520996,-59.350998,-0.154731,0.427736,-0.595477,0.662198,-3.748810,3.442710,-0.316310
503,True,True,1.000000,0.300000,-629.809998,-2556.959961,18.789999,1140.490967,237.471008,0.261000,0.000224,-0.002387,0.100659,0.994918,-0.000410,0.000000,0.330510,-1283.419922,-2659.219971,96.129997,369.490997,417.411011,-64.750999,-0.173014,0.428044,-0.600678,0.652710,-3.748810,3.442710,-0.316310
504,True,True,1.000000,0.300000,-620.219971,-2554.939941,18.789999,1151.180908,242.621002,0.271000,0.000224,-0.002387,0.102251,0.994756,-0.000310,0.000000,0.383310,-1280.339966,-2655.739990,95.549995,369.390991,417.300995,-70.151001,-0.191222,0.428157,-0.605609,0.642926,-3.748810,3.442710,-0.316310
505,True,True,1.000000,0.300000,-610.539978,-2552.869873,18.789999,1161.740967,247.901001,0.271000,0.000229,-0.002387,0.104026,0.994572,-0.000210,0.000000,0.427910,-1277.260010,-2652.260010,94.919998,369.290985,417.191010,-75.541000,-0.209343,0.428076,-0.610264,0.632854,-3.748810,3.442710,-0.316310
506,True,True,1.000000,0.300000,-600.769958,-2550.760010,18.789999,1172.151001,253.371002,0.271000,0.000235,-0.002387,0.105957,0.994368,-0.000110,0.000000,0.465610,-1274.179932,-2648.780029,94.250000,369.191010,417.080994,-80.931000,-0.227367,0.427801,-0.614645,0.622497,-3.748810,3.442710,-0.316310
507,True,True,1.000000,0.300000,-590.919983,-2548.599854,18.789999,1182.401001,259.071014,0.271000,0.000240,-0.002387,0.108018,0.994146,0.000000,0.000000,0.497410,-1271.099976,-2645.310059,93.529999,369.091003,416.971008,-86.320999,0.245289,-0.427332,0.618746,-0.611861,-3.748810,3.442710,-0.316310
508,True,True,1.000000,0.300000,-580.979980,-2546.389893,18.789999,1192.490967,265.020996,0.271000,0.000245,-0.002387,0.110192,0.993907,0.000000,0.000000,0.524210,-1268.020020,-2641.839844,92.769997,368.990997,416.860992,-91.710999,0.263103,-0.426668,0.622570,-0.600948,-3.748810,3.442710,-0.316310
509,True,True,1.000000,0.300000,-570.959961,-2544.129883,18.789999,1202.401001,271.240997,0.271000,0.000251,-0.002387,0.112458,0.993654,0.000000,0.000000,0.546810,-1265.079956,-2638.540039,93.229996,353.251007,395.411011,55.010998,0.283355,-0.425341,0.626639,-0.588318,-4.333310,3.871210,-0.316310
510,True,True,1.000000,0.300000,-560.859985,-2541.819824,18.789999,1212.130981,277.730988,0.271000,0.000256,-0.002387,0.114799,0.993386,0.000000,0.000000,0.565910,-1262.140015,-2635.250000,93.639999,353.161011,395.311005,49.580997,0.303440,-0.423766,0.630339,-0.575344,-4.333310,3.871210,-0.316310
511,True,True,1.000000,0.300000,-550.679993,-2539.449951,18.789999,1221.690918,284.480988,0.271000,0.000262,-0.002387,0.117205,0.993105,0.000000,0.000000,0.582010,-1259.199951,-2631.959961,94.009995,353.071014,395.210999,44.150997,0.323346,-0.421942,0.633668,-0.562029,-4.333310,3.871210,-0.316310
512,True,True,1.000000,0.300000,-540.419983,-2537.020020,18.789999,1231.060913,291.501007,0.271000,0.000267,-0.002387,0.119670,0.992811,0.000110,0.000000,0.595510,-1256.260010,-2628.669922,94.329994,352.980988,395.110992,38.720997,0.343065,-0.419871,0.636623,-0.548386,-4.333310,3.871210,-0.316310
513,True,True,1.000000,0.300000,-530.080017,-2534.530029,18.789999,1240.250977,298.770996,0.271000,0.000272,-0.002387,0.122179,0.992505,0.000110,0.000000,0.606810,-1253.319946,-2625.379883,94.610001,352.890991,395.010986,33.291000,0.362578,-0.417551,0.639207,-0.534419,-4.333310,3.871210,-0.316310
514,True,True,1.000000,0.300000,-519.669983,-2531.979980,18.789999,1249.260986,306.290985,0.271000,0.000278,-0.002387,0.124726,0.992188,0.000110,0.000000,0.616210,-1250.380005,-2622.089844,94.839996,352.800995,394.911011,27.860998,0.381880,-0.414983,0.641415,-0.520139,-4.333310,3.871210,-0.316310
515,True,True,1.000000,0.300000,-509.190002,-2529.359863,18.789999,1258.090942,314.040985,0.271000,0.000283,-0.002387,0.127304,0.991861,0.000210,0.000110,0.624010,-1247.439941,-2618.800049,95.029999,352.710999,394.811005,22.431000,0.400956,-0.412172,0.643247,-0.505551,-4.333310,3.871210,-0.316310
516,True,True,1.000000,0.300000,-498.629974,-2526.679932,18.789999,1266.740967,322.010986,0.271000,0.000289,-0.002387,0.129910,0.991523,0.000210,0.000110,0.630410,-1244.500000,-2615.510010,95.169998,352.621002,394.710999,17.000999,0.419795,-0.409119,0.644702,-0.490667,-4.333310,3.871210,-0.316310
517,True,True,1.000000,0.300000,-488.000000,-2523.929932,18.789999,1275.210938,330.191010,0.271000,0.000294,-0.002387,0.132537,0.991175,0.000210,0.000110,0.635610,-1241.559937,-2612.219971,95.269997,352.531006,394.610992,11.581000,0.438391,-0.405828,0.645771,-0.475496,-4.333310,3.871210,-0.316310
518,True,True,1.000000,0.300000,-477.299988,-2521.109863,18.789999,1283.510986,338.561005,0.271000,0.000299,-0.002387,0.135181,0.990818,0.000310,0.000110,0.639810,-1238.619995,-2608.929932,95.320000,352.441010,394.510986,6.161000,0.456728,-0.402294,0.646465,-0.460046,-4.333310,3.871210,-0.316310
519,True,True,1.000000,0.300000,-466.539978,-2518.219971,18.789999,1291.630981,347.110992,0.271000,0.000310,-0.002387,0.137835,0.990452,0.000310,0.000210,0.643110,-1235.679932,-2605.639893,95.329994,352.351013,394.411011,0.741000,0.474795,-0.398529,0.646776,-0.444325,-4.333310,3.871210,-0.316310
520,True,True,1.000000,0.300000,-455.709991,-2515.250000,18.789999,1299.580933,355.830994,0.271000,0.000316,-0.002387,0.140500,0.990078,0.000310,0.000210,0.645610,-1232.739990,-2602.349854,95.290001,352.260986,394.311005,-4.671000,0.492582,-0.394526,0.646713,-0.428340,-4.333310,3.871210,-0.316310
521,True,True,1.000000,0.300000,-444.819977,-2512.209961,18.789999,1307.360962,364.700989,0.271000,0.000326,-0.002387,0.143170,0.989695,0.000310,0.000210,0.647410,-1229.809937,-2599.060059,95.209999,352.170990,394.210999,-10.081000,0.510083,-0.390291,0.646263,-0.412107,-4.333310,3.871210,-0.316310
522,True,True,1.000000,0.300000,-433.859985,-2509.099854,18.789999,1314.980957,373.721008,0.271000,0.000332,-0.002387,0.145846,0.989304,0.000310,0.000210,0.648610,-1226.880005,-2595.780029,95.079994,352.080994,394.110992,-15.491000,0.527281,-0.385829,0.645435,-0.395632,-4.333310,3.871210,-0.316310
523,True,True,1.000000,0.300000,-422.839996,-2505.909912,18.789999,1322.430908,382.871002,0.271000,0.000337,-0.002387,0.148522,0.988906,0.000310,0.000210,0.649310,-1223.949951,-2592.500000,94.909996,351.990997,394.010986,-20.900999,0.544173,-0.381141,0.644224,-0.378924,-4.333310,3.871210,-0.316310
524,True,True,1.000000,0.300000,-411.759979,-2502.639893,18.789999,1329.720947,392.140991,0.271000,0.000343,-0.002387,0.151198,0.988501,0.000310,0.000210,0.649510,-1221.020020,-2589.219971,94.689995,351.901001,393.911011,-26.310999,0.560740,-0.376226,0.642641,-0.361990,-4.333310,3.871210,-0.316310
525,True,True,1.000000,0.300000,-400.619995,-2499.290039,18.789999,1336.850952,401.531006,0.271000,0.000353,-0.002387,0.153874,0.988088,0.000310,0.000310,0.649210,-1218.089966,-2585.939941,94.430000,351.811005,393.811005,-31.720999,0.576978,-0.371091,0.640679,-0.344845,-4.333310,3.871210,-0.316310
526,True,True,1.000000,0.300000,-389.419983,-2495.859863,18.789999,1343.820923,411.020996,0.271000,0.000359,-0.002387,0.156544,0.987668,0.000310,0.000310,0.648610,-1215.159912,-2582.659912,94.119995,351.721008,393.710999,-37.120998,0.592877,-0.365739,0.638341,-0.327495,-4.333310,3.871210,-0.316310
527,True,True,1.000000,0.300000,-378.169983,-2492.359863,18.789999,1350.050903,420.401001,0.271000,0.000364,-0.002387,0.159209,0.987242,0.000310,0.000310,0.647310,-1212.229980,-2579.379883,93.769997,351.631012,393.610992,-42.521000,0.608430,-0.360171,0.635623,-0.309957,-4.333310,3.871210,-0.316310
528,True,True,1.000000,0.300000,-366.869995,-2488.780029,18.789999,1355.570923,429.670990,0.271000,0.000375,-0.002387,0.161863,0.986810,0.000310,0.000310,0.645510,-1209.299927,-2576.099854,93.369995,351.540985,393.510986,-47.920998,0.623622,-0.354394,0.632534,-0.292235,-4.333310,3.871210,-0.316310
529,True,True,1.000000,0.300000,-355.529999,-2485.119873,18.789999,1361.020996,439.040985,0.271000,0.000380,-0.002387,0.164507,0.986373,0.000310,0.000310,0.643610,-1206.369995,-2572.819824,92.930000,351.450989,393.411011,-53.320999,0.638447,-0.348405,0.629076,-0.274340,-4.333310,3.871210,-0.316310
530,False,False,1.000000,1.000000,-344.239990,-2481.349854,18.789999,1355.040894,452.691010,0.231000,0.000386,-0.002387,0.168040,0.985777,-0.000610,0.000000,0.859510,-1203.439941,-2569.540039,93.199997,351.901001,393.911011,31.980999,0.652844,-0.342239,0.625262,-0.256348,-4.316810,3.856410,-0.316310
531,False,False,1.000000,1.000000,-332.989990,-2477.469971,18.789999,1349.531006,465.181000,0.201000,0.000391,-0.002387,0.172265,0.985048,-0.001010,0.000000,1.028410,-1200.510010,-2566.260010,93.419998,351.811005,393.811005,26.550999,0.666861,-0.335873,0.621081,-0.238211,-4.316810,3.856410,-0.316310
532,False,False,1.000000,1.000000,-321.789978,-2473.489990,18.789999,1344.040894,477.480988,0.181000,0.000397,-0.002387,0.177082,0.984193,-0.001110,0.000000,1.173910,-1197.579956,-2562.979980,93.599998,351.721008,393.710999,21.120998,0.680487,-0.329313,0.616539,-0.219933,-4.316810,3.856410,-0.316310
533,False,False,1.000000,1.000000,-310.639984,-2469.409912,18.789999,1338.440918,489.830994,0.171000,0.000407,-0.002382,0.182407,0.983220,-0.001010,0.000000,1.299110,-1194.650024,-2559.699951,93.729996,351.631012,393.610992,15.691000,0.693714,-0.322559,0.611640,-0.201526,-4.316810,3.856410,-0.316310
534,False,False,1.000000,1.000000,-299.529999,-2465.219971,18.789999,1332.620972,502.401001,0.161000,0.000418,-0.002376,0.188169,0.982134,-0.000810,0.000000,1.406910,-1191.719971,-2556.419922,93.820000,351.540985,393.510986,10.271000,0.706541,-0.315616,0.606380,-0.183000,-4.316810,3.856410,-0.316310
535,False,False,1.000000,1.000000,-288.479980,-2460.929932,18.789999,1326.510986,515.300964,0.161000,0.000429,-0.002371,0.194302,0.980939,-0.000610,0.000000,1.499710,-1188.789917,-2553.139893,93.860001,351.450989,393.411011,4.851000,0.718952,-0.308489,0.600770,-0.164372,-4.316810,3.856410,-0.316310
536,False,False,1.000000,1.000000,-277.479980,-2456.520020,18.789999,1320.050903,528.610962,0.161000,0.000445,-0.002366,0.200755,0.979639,-0.000410,0.000000,1.579810,-1185.859985,-2549.859863,93.860001,351.360992,393.311005,-0.561000,0.730943,-0.301185,0.594808,-0.145647,-4.316810,3.856410,-0.316310
537,False,False,1.000000,1.000000,-266.540009,-2452.000000,18.789999,1313.190918,542.360962,0.161000,0.000461,-0.002360,0.207482,0.978236,-0.000210,0.000000,1.649110,-1182.929932,-2546.579834,93.809998,351.270996,393.210999,-5.971000,0.742508,-0.293702,0.588502,-0.126835,-4.316810,3.856410,-0.316310
538,False,False,1.000000,1.000000,-255.659988,-2447.359863,18.789999,1305.890991,556.570984,0.161000,0.000477,-0.002355,0.214441,0.976734,0.000000,0.000000,1.709210,-1180.000000,-2543.300049,93.720001,351.181000,393.110992,-11.381001,0.753641,-0.286047,0.581850,-0.107948,-4.316810,3.856410,-0.316310
539,False,False,1.000000,1.000000,-244.839996,-2442.599854,18.789999,1298.120972,571.230957,0.161000,0.000494,-0.002349,0.221606,0.975133,0.000000,0.000000,1.761410,-1177.069946,-2540.020020,93.579994,351.091003,393.010986,-16.790998,0.764335,-0.278224,0.574858,-0.089001,-4.316810,3.856410,-0.316310
540,False,False,1.000000,1.000000,-234.089996,-2437.709961,18.789999,1289.850952,586.320984,0.161000,0.000510,-0.002344,0.228943,0.973437,0.000110,0.000000,1.806910,-1174.140015,-2536.750000,93.389999,351.001007,392.911011,-22.200998,0.774582,-0.270240,0.567532,-0.070000,-4.316810,3.856410,-0.316310
541,False,False,1.000000,1.000000,-223.409988,-2432.689941,18.789999,1281.080933,601.810974,0.161000,0.000531,-0.002339,0.236425,0.971647,0.000210,0.000000,1.846710,-1171.219971,-2533.479980,93.159996,350.911011,392.811005,-27.610998,0.784380,-0.262099,0.559871,-0.050957,-4.316810,3.856410,-0.316310
542,False,False,1.000000,1.000000,-212.809998,-2427.540039,18.789999,1271.790894,617.660950,0.161000,0.000553,-0.002333,0.244037,0.969763,0.000310,0.000000,1.881710,-1168.299927,-2530.209961,92.879997,350.821014,392.710999,-33.021000,0.793716,-0.253807,0.551887,-0.031886,-4.316810,3.856410,-0.316310
543,False,False,1.000000,1.000000,-202.289993,-2422.260010,18.789999,1261.980957,633.840942,0.161000,0.000575,-0.002328,0.251757,0.967787,0.000310,0.000000,1.912510,-1165.369995,-2526.929932,93.049995,351.061005,392.980988,19.800999,0.802570,-0.245386,0.543601,-0.012842,-4.306610,3.847210,-0.316310
544,False,False,1.000000,1.000000,-191.860001,-2416.839844,18.789999,1251.651001,650.300964,0.161000,0.000596,-0.002322,0.259569,0.965722,0.000310,0.000000,1.939710,-1162.449951,-2523.659912,93.169998,350.971008,392.881012,14.371000,0.810959,-0.236824,0.534996,0.006212,-4.306610,3.847210,-0.316310
545,False,False,1.000000,1.000000,-181.519989,-2411.280029,18.789999,1240.910889,667.070984,0.161000,0.000618,-0.002317,0.267462,0.963566,0.000310,0.000000,1.964110,-1159.530029,-2520.389893,93.239998,350.881012,392.781006,8.951000,0.818875,-0.228128,0.526084,0.025261,-4.306610,3.847210,-0.316310
546,False,False,1.000000,1.000000,-171.269989,-2405.579834,18.789999,1229.850952,684.170959,0.161000,0.000639,-0.002312,0.275424,0.961320,0.000310,0.000000,1.986210,-1156.609985,-2517.119873,93.269997,350.790985,392.681000,3.531000,0.826316,-0.219297,0.516864,0.044294,-4.306610,3.847210,-0.316310
547,False,False,1.000000,1.000000,-161.119995,-2399.729980,18.789999,1218.460938,701.550964,0.161000,0.000661,-0.002306,0.283452,0.958983,0.000210,0.000000,2.006210,-1153.689941,-2513.849854,93.250000,350.700989,392.580994,-1.881000,0.833277,-0.210336,0.507347,0.063305,-4.306610,3.847210,-0.316310
548,False,False,1.000000,1.000000,-151.059998,-2393.739990,18.789999,1206.720947,719.170959,0.161000,0.000682,-0.002301,0.291533,0.956558,0.000210,0.000000,2.024410,-1150.770020,-2510.579834,93.189995,350.610992,392.480988,-7.291000,0.839753,-0.201256,0.497534,0.082279,-4.306610,3.847210,-0.316310
549,False,False,1.000000,1.000000,-141.099991,-2387.599854,18.789999,1194.620972,736.980957,0.161000,0.000704,-0.002295,0.299658,0.954044,0.000210,0.000000,2.040910,-1147.849976,-2507.310059,93.079994,350.520996,392.381012,-12.701000,0.845741,-0.192058,0.487435,0.101204,-4.306610,3.847210,-0.316310
550,False,False,1.000000,1.000000,-131.250000,-2381.310059,18.789999,1182.151001,754.950989,0.161000,0.000726,-0.002290,0.307820,0.951442,0.000110,0.000000,2.055910,-1144.929932,-2504.040039,93.139999,350.610992,392.480988,7.611000,0.851234,-0.182763,0.477061,0.120048,-4.301110,3.842310,-0.316310
551,False,False,1.000000,1.000000,-121.509995,-2374.869873,18.789999,1169.310913,773.030945,0.161000,0.000747,-0.002285,0.316015,0.948751,0.000110,0.000000,2.069610,-1142.010010,-2500.770020,93.159996,350.520996,392.381012,2.191000,0.856233,-0.173360,0.466412,0.138822,-4.301110,3.842310,-0.316310
552,False,False,1.000000,1.000000,-111.879997,-2368.280029,18.789999,1156.020996,791.130981,0.161000,0.000769,-0.002279,0.324231,0.945975,0.000000,0.000000,2.081910,-1139.089966,-2497.500000,93.129997,350.431000,392.281006,-3.221000,0.860735,-0.163859,0.455493,0.157515,-4.301110,3.842310,-0.316310
553,False,False,1.000000,1.000000,-102.360001,-2361.540039,18.789999,1142.260986,809.200989,0.161000,0.000790,-0.002274,0.332469,0.943111,0.000000,0.000000,2.093010,-1136.169922,-2494.229980,93.150002,350.411011,392.260986,1.931000,0.864739,-0.154267,0.444314,0.176106,-4.298810,3.840210,-0.316310
554,False,False,1.000000,1.000000,-92.959999,-2354.649902,18.789999,1128.040894,827.210938,0.161000,0.000812,-0.002269,0.340718,0.940163,0.000000,0.000000,2.103010,-1133.250000,-2490.959961,93.150002,350.341003,392.191010,0.000000,0.868239,-0.144589,0.432883,0.194594,-4.297910,3.839410,-0.316310
555,False,False,1.000000,1.000000,-83.680000,-2347.609863,18.789999,1113.370972,845.130981,0.161000,0.000833,-0.002263,0.348977,0.937128,0.000000,0.000110,2.112010,-1130.329956,-2487.689941,93.150002,350.270996,392.110992,0.000000,0.871238,-0.134830,0.421203,0.212963,-4.297110,3.838610,-0.316310
556,False,False,1.000000,1.000000,-74.529999,-2340.419922,18.789999,1098.260986,862.940979,0.161000,0.000855,-0.002252,0.357242,0.934009,0.000000,0.000110,2.120210,-1127.410034,-2484.419922,93.150002,350.200989,392.040985,0.000000,0.873730,-0.124995,0.409286,0.231208,-4.296310,3.837810,-0.316310
557,False,False,1.000000,1.000000,-65.510002,-2333.079834,18.789999,1082.720947,880.610962,0.161000,0.000877,-0.002242,0.365507,0.930806,0.000000,0.000110,2.127610,-1124.489990,-2481.149902,93.150002,350.131012,391.960999,0.000000,0.875719,-0.115090,0.397131,0.249313,-4.295510,3.837110,-0.316310
558,False,False,1.000000,1.000000,-56.619999,-2325.599854,18.789999,1066.760986,898.120972,0.161000,0.000898,-0.002231,0.373772,0.927518,0.000000,0.000110,2.134410,-1121.569946,-2477.879883,93.150002,350.061005,391.890991,0.000000,0.877201,-0.105121,0.384750,0.267273,-4.294610,3.836310,-0.316310
